PointNumber          x          y
1             0.001645      0.988487
2             0.001645     -0.991776
3             0.123355     -0.978618
4             0.261513     -0.942434
5             0.373355     -0.912829
6             0.491776     -0.870066
7             0.567434     -0.817434
8             0.626645     -0.761513
9             0.669408     -0.692434
10             0.695724     -0.620066
11             0.722039     -0.534539
12             0.725329     -0.488487
13             0.712171     -0.383224
14             0.695724     -0.340461
15             0.656250     -0.248355
16             0.600329     -0.172697
17             0.554276     -0.034539
18             0.521382      0.060855
19             0.501645      0.103618
20             0.478618      0.162829
21             0.432566      0.251645
22             0.376645      0.333882
23             0.317434      0.412829
24             0.291118      0.491776
25             0.268092      0.577303
26             0.241776      0.652961
27             0.215461      0.725329
28             0.195724      0.777961
29             0.175987      0.807566
30             0.156250      0.856908
31             0.120066      0.906250
32             0.087171      0.935855
33             0.060855      0.972039
34             0.041118      0.985197
35             0.574013     -0.093750
36             0.001645      0.957695
37             0.001645      0.917666
38             0.001645      0.865627
39             0.001645      0.797978
40             0.001645      0.710033
41             0.001645      0.595705
42             0.001645      0.447079
43             0.001645      0.249273
44             0.001645      0.051468
45             0.001645     -0.146338
46             0.001645     -0.344143
47             0.001645     -0.541949
48             0.001645     -0.739754
49             0.001645     -0.882202
50             0.201445     -0.958166
51             0.440289     -0.888658
52             0.710598     -0.571725
53             0.718823     -0.436439
54             0.678561     -0.300415
55             0.631936     -0.215461
56             0.535684      0.019379
57             0.458596      0.201445
58             0.408252      0.287400
59             0.278104      0.540117
60             0.226902      0.693864
61             0.204305      0.755077
62             0.167406      0.829019
63             0.135798      0.884797
64             0.072297      0.956307
65             0.023956      0.986628
66             0.378786     -0.506821
67             0.270209     -0.101951
68             0.240118      0.205574
69             0.174672      0.383232
70             0.139855     -0.775807
71             0.139851      0.556315
72             0.108727      0.739366
73             0.081598      0.829107
74             0.046876      0.919748
75             0.346298     -0.715979
76             0.450496     -0.302454
77             0.243686     -0.334829
78             0.547775     -0.495633
79             0.139270      0.022751
80             0.327451      0.060547
81             0.421913     -0.114031
82             0.239210      0.313442
83             0.144158      0.277744
84             0.216033      0.483059
85             0.113655      0.462398
86             0.167194     -0.893377
87             0.079217      0.633095
88             0.213696      0.584974
89             0.171324      0.686072
90             0.059338      0.771790
91             0.145296      0.758327
92             0.053022      0.874922
93             0.128758      0.837328
94             0.031363      0.944035
95             0.067428      0.933605
96             0.152835     -0.610610
97             0.130945     -0.427857
98             0.505733     -0.690378
99             0.158420     -0.105665
100             0.343024     -0.261698
101             0.276308     -0.823085
102             0.125739      0.150316
103             0.584693     -0.364611
104             0.323273      0.193477
105             0.086684      0.364091
106             0.426792      0.005166
107             0.498284     -0.218688
108             0.619207     -0.557037
109             0.246701     -0.011449
110             0.252475      0.397572
111             0.498145     -0.088767
112             0.066753      0.539144
113             0.153738      0.633294
114             0.073478      0.708438
115             0.121221      0.687046
116             0.099509      0.873299
117             0.111879      0.789190
118             0.183103      0.730154
119             0.039225      0.827905
120             0.024780      0.901253
121             0.150513      0.798839
122             0.175588      0.771359
123             0.021193      0.928120
124             0.052274      0.948620
125             0.035178      0.965726
126             0.130221     -0.259713
127             0.259218     -0.477854
128             0.356377     -0.384122
129             0.424515     -0.622785
130             0.247575     -0.201940
131             0.407424     -0.815718
132             0.242070     -0.706135
133             0.075138     -0.044258
134             0.469774     -0.425668
135             0.229070      0.094605
136             0.539695     -0.281166
137             0.616914     -0.459732
138             0.544465     -0.591857
139             0.588072     -0.683620
140             0.356922     -0.041798
141             0.417760      0.076809
142             0.325537      0.270417
143             0.421493     -0.199830
144             0.535737     -0.157726
145             0.633882     -0.339153
146             0.391415      0.213567
147             0.301897      0.345655
148             0.268918      0.446412
149             0.488428     -0.018444
150             0.665833     -0.582810
151             0.201093      0.650420
152             0.078892      0.907310
153             0.145262      0.720381
154             0.299368     -0.606274
155             0.471734     -0.528015
156             0.493145     -0.776921
157             0.343106     -0.152609
158             0.364017      0.139179
159             0.645899     -0.508822
160             0.296563      0.138756
161             0.629977     -0.621192
162             0.530188     -0.351493
163             0.561018     -0.415240
164             0.569589     -0.219831
165             0.474880     -0.155051
166             0.477592      0.037267
167             0.438333     -0.050993
168             0.382137      0.025601
169             0.612617     -0.275088
170             0.668556     -0.420295
171             0.460401      0.114770
172             0.434370     -0.723911
173             0.555693     -0.745721
174             0.600603     -0.511950
175             0.621437     -0.395798
176             0.428412      0.151474
177             0.677190     -0.470566
178             0.579770     -0.322078
179             0.475728      0.078759
180             0.666163     -0.375813
181             0.675161     -0.544078
182             0.577066     -0.538933
183             0.688949     -0.509356
184             0.001645      0.973091
185             0.001645      0.937680
186             0.001645      0.891646
187             0.001645      0.831803
188             0.001645      0.754005
189             0.001645      0.652869
190             0.001645      0.521392
191             0.001645      0.348176
192             0.001645      0.150370
193             0.001645     -0.047435
194             0.001645     -0.245241
195             0.001645     -0.443046
196             0.001645     -0.640852
197             0.001645     -0.810978
198             0.001645     -0.936989
199             0.062500     -0.985197
200             0.162400     -0.968392
201             0.231479     -0.950300
202             0.317434     -0.927632
203             0.406822     -0.900744
204             0.466033     -0.879362
205             0.529605     -0.843750
206             0.597039     -0.789474
207             0.648026     -0.726974
208             0.682566     -0.656250
209             0.703161     -0.595895
210             0.716319     -0.553132
211             0.723684     -0.511513
212             0.722076     -0.462463
213             0.715497     -0.409831
214             0.703947     -0.361842
215             0.687142     -0.320438
216             0.667406     -0.274385
217             0.644093     -0.231908
218             0.616133     -0.194079
219             0.544980     -0.007580
220             0.528533      0.040117
221             0.511513      0.082237
222             0.490132      0.133224
223             0.468607      0.182137
224             0.445581      0.226545
225             0.420409      0.269522
226             0.392449      0.310641
227             0.347039      0.373355
228             0.304276      0.452303
229             0.284611      0.515947
230             0.273098      0.558710
231             0.254934      0.615132
232             0.234339      0.673412
233             0.221181      0.709597
234             0.209883      0.740203
235             0.200014      0.766519
236             0.185855      0.792763
237             0.171696      0.818292
238             0.161828      0.842963
239             0.146024      0.870852
240             0.127932      0.895523
241             0.103618      0.921053
242             0.079734      0.946081
243             0.066576      0.964173
244             0.050987      0.978618
245             0.032537      0.985912
246             0.012800      0.987557
247             0.564145     -0.064145
248             0.587171     -0.133224
249             0.062500     -0.930410
250             0.012800      0.972161
251             0.070750     -0.757781
252             0.070750     -0.829004
253             0.070457      0.037110
254             0.239664      0.259508
255             0.206941      0.348337
256             0.072901      0.263509
257             0.192138      0.241659
258             0.159415      0.330488
259             0.191684      0.295593
260             0.253576      0.487418
261             0.247068      0.511588
262             0.195353      0.433146
263             0.177942      0.519687
264             0.057650      0.454738
265             0.144163      0.422815
266             0.126753      0.509356
267             0.164844      0.472729
268             0.145275     -0.935998
269             0.214354     -0.917905
270             0.084419     -0.887789
271             0.184319     -0.925772
272             0.153525     -0.834592
273             0.040431      0.671564
274             0.040431      0.614400
275             0.109534      0.594705
276             0.240894      0.581138
277             0.227736      0.618967
278             0.245900      0.562546
279             0.176774      0.570644
280             0.214865      0.534016
281             0.199113      0.689968
282             0.030491      0.784884
283             0.030491      0.740912
284             0.084033      0.755578
285             0.070468      0.800448
286             0.127012      0.748847
287             0.027334      0.870275
288             0.067310      0.852015
289             0.049949      0.897335
290             0.142504      0.847118
291             0.148082      0.833174
292             0.132278      0.861063
293             0.105178      0.833217
294             0.016504      0.950865
295             0.039119      0.931892
296             0.077300      0.934730
297             0.069863      0.944956
298             0.057152      0.926677
299             0.077240     -0.576280
300             0.077240     -0.675182
301             0.146345     -0.693209
302             0.066295     -0.386000
303             0.066295     -0.484903
304             0.187316     -0.381343
305             0.141890     -0.519234
306             0.080032     -0.126001
307             0.214314     -0.103808
308             0.148845     -0.041457
309             0.396760     -0.282076
310             0.293355     -0.298263
311             0.268911     -0.882760
312             0.324832     -0.867957
313             0.208082     -0.799446
314             0.311303     -0.769532
315             0.221751     -0.858231
316             0.063692      0.199795
317             0.063692      0.100892
318             0.182929      0.177945
319             0.132505      0.086534
320             0.134948      0.214030
321             0.281695      0.199526
322             0.044164      0.405585
323             0.044164      0.306682
324             0.130678      0.373662
325             0.115421      0.320918
326             0.100169      0.413245
327             0.474390     -0.260571
328             0.258455     -0.056700
329             0.192986      0.005651
330             0.287076      0.024549
331             0.202560     -0.058557
332             0.284955      0.405200
333             0.213574      0.390402
334             0.245843      0.355507
335             0.234254      0.440315
336             0.526211     -0.061653
337             0.536079     -0.091259
338             0.460029     -0.101399
339             0.034199      0.567425
340             0.034199      0.493111
341             0.103302      0.547729
342             0.090204      0.500771
343             0.072985      0.586120
344             0.146795      0.594804
345             0.116477      0.633195
346             0.183717      0.609134
347             0.162531      0.659683
348             0.037561      0.709235
349             0.091103      0.723902
350             0.076347      0.670767
351             0.066408      0.740114
352             0.114974      0.713206
353             0.100219      0.660071
354             0.146272      0.686559
355             0.137479      0.660170
356             0.097349      0.697742
357             0.109787      0.889774
358             0.117653      0.879048
359             0.090553      0.851203
360             0.076265      0.874110
361             0.114133      0.855313
362             0.110303      0.764278
363             0.096738      0.809149
364             0.085608      0.780490
365             0.128588      0.773759
366             0.120318      0.813259
367             0.199282      0.727742
368             0.205003      0.712009
369             0.193704      0.742616
370             0.177214      0.708113
371             0.164200      0.744241
372             0.020435      0.846766
373             0.020435      0.812941
374             0.060411      0.828506
375             0.049281      0.799847
376             0.046123      0.851414
377             0.013212      0.909459
378             0.013212      0.883440
379             0.035828      0.910501
380             0.038901      0.888088
381             0.163250      0.803203
382             0.158959      0.813929
383             0.147905      0.778583
384             0.139635      0.818084
385             0.131196      0.794015
386             0.185656      0.774660
387             0.175787      0.789462
388             0.189946      0.763218
389             0.160442      0.764843
390             0.179346      0.750756
391             0.163050      0.785099
392             0.011419      0.942908
393             0.011419      0.922893
394             0.034035      0.923934
395             0.026278      0.936078
396             0.022986      0.914687
397             0.056565      0.960330
398             0.062285      0.952463
399             0.049575      0.934184
400             0.041818      0.946327
401             0.059851      0.941112
402             0.048016      0.968883
403             0.038148      0.975462
404             0.018411      0.961711
405             0.029567      0.976177
406             0.033270      0.954881
407             0.043726      0.957173
408             0.065933     -0.203025
409             0.065933     -0.301928
410             0.186954     -0.297271
411             0.130583     -0.343785
412             0.144320     -0.182689
413             0.319002     -0.492338
414             0.251452     -0.406341
415             0.206026     -0.544232
416             0.195081     -0.452855
417             0.367582     -0.445472
418             0.403437     -0.343288
419             0.300032     -0.359476
420             0.349700     -0.322910
421             0.307798     -0.430988
422             0.401651     -0.564803
423             0.385407     -0.669382
424             0.465124     -0.656582
425             0.258892     -0.151946
426             0.245631     -0.268384
427             0.202997     -0.153802
428             0.295299     -0.231819
429             0.188898     -0.230827
430             0.390390     -0.864273
431             0.449600     -0.842892
432             0.423857     -0.852188
433             0.376861     -0.765848
434             0.341866     -0.819402
435             0.190963     -0.740971
436             0.294184     -0.711057
437             0.197453     -0.658373
438             0.259189     -0.764610
439             0.038391      0.003605
440             0.038391     -0.095298
441             0.107204     -0.010754
442             0.116779     -0.074962
443             0.424280     -0.466245
444             0.460135     -0.364061
445             0.508775     -0.460651
446             0.413076     -0.404895
447             0.234594      0.150089
448             0.184170      0.058678
449             0.278261      0.077576
450             0.177405      0.122461
451             0.237885      0.041578
452             0.495095     -0.291810
453             0.518989     -0.249927
454             0.582344     -0.477682
455             0.546120     -0.543745
456             0.525099     -0.641117
457             0.581836     -0.574447
458             0.484490     -0.607321
459             0.607358     -0.722567
460             0.628740     -0.688027
461             0.546903     -0.686999
462             0.566269     -0.637738
463             0.313565     -0.071875
464             0.342187      0.009375
465             0.389417     -0.077915
466             0.391857     -0.018316
467             0.301811     -0.026623
468             0.372606      0.068678
469             0.422276      0.040987
470             0.351091      0.302149
471             0.366895      0.278908
472             0.282828      0.237995
473             0.282374      0.291930
474             0.324405      0.231947
475             0.435994     -0.251142
476             0.421703     -0.156931
477             0.382258     -0.230764
478             0.459888     -0.209259
479             0.568033     -0.165212
480             0.554875     -0.125738
481             0.517011     -0.188207
482             0.516941     -0.123247
483             0.664803     -0.339807
484             0.656221     -0.319784
485             0.609287     -0.351882
486             0.411990      0.232606
487             0.425005      0.207506
488             0.399834      0.250483
489             0.357344      0.203522
490             0.358476      0.241992
491             0.339271      0.339768
492             0.309666      0.379242
493             0.270554      0.329549
494             0.277186      0.371613
495             0.313717      0.308036
496             0.293176      0.429620
497             0.280018      0.469094
498             0.242476      0.464735
499             0.260697      0.421992
500             0.521352     -0.026492
501             0.512056      0.000468
502             0.457610     -0.006639
503             0.493286     -0.053606
504             0.680778     -0.601438
505             0.688215     -0.577267
506             0.642520     -0.569923
507             0.221435      0.651690
508             0.213998      0.672142
509             0.207395      0.617697
510             0.186208      0.668246
511             0.177415      0.641857
512             0.099479      0.906780
513             0.083031      0.921583
514             0.062884      0.913529
515             0.065957      0.891116
516             0.073160      0.920458
517             0.089200      0.890304
518             0.126995      0.729874
519             0.158293      0.703227
520             0.145279      0.739354
521             0.133241      0.703713
522             0.164183      0.725268
523             0.339077     -0.556548
524             0.322833     -0.661126
525             0.226101     -0.608442
526             0.279293     -0.542064
527             0.361941     -0.614530
528             0.270719     -0.656204
529             0.425260     -0.517418
530             0.509755     -0.511824
531             0.448125     -0.575400
532             0.470754     -0.476842
533             0.508100     -0.559936
534             0.492461     -0.823494
535             0.530290     -0.797178
536             0.499439     -0.733650
537             0.450285     -0.796320
538             0.306657     -0.127280
539             0.382509     -0.133320
540             0.343065     -0.207154
541             0.295340     -0.177275
542             0.350014     -0.097204
543             0.382299     -0.176220
544             0.345734      0.099863
545             0.343645      0.166328
546             0.390889      0.107994
547             0.377716      0.176373
548             0.632553     -0.532929
549             0.631406     -0.484277
550             0.268341      0.172165
551             0.312007      0.099652
552             0.309918      0.166117
553             0.262817      0.116681
554             0.330290      0.138967
555             0.649692     -0.656813
556             0.662850     -0.620629
557             0.624592     -0.589114
558             0.587221     -0.606524
559             0.609025     -0.652406
560             0.647905     -0.602001
561             0.490342     -0.326973
562             0.557440     -0.358052
563             0.499981     -0.388581
564             0.534941     -0.316329
565             0.554396     -0.455437
566             0.572855     -0.389925
567             0.515396     -0.420454
568             0.588966     -0.437486
569             0.545603     -0.383366
570             0.584959     -0.196264
571             0.600763     -0.217646
572             0.533936     -0.219260
573             0.554642     -0.250499
574             0.552663     -0.188779
575             0.448396     -0.134541
576             0.486582     -0.186870
577             0.486513     -0.121909
578             0.448186     -0.177441
579             0.505309     -0.156389
580             0.499487      0.049061
581             0.506638      0.028323
582             0.452192      0.021217
583             0.447676      0.057038
584             0.483010      0.009412
585             0.430123     -0.082512
586             0.432562     -0.022914
587             0.468239     -0.069880
588             0.397628     -0.046396
589             0.463380     -0.034719
590             0.354794      0.043074
591             0.404464      0.015383
592             0.369529     -0.008099
593             0.399949      0.051205
594             0.634433     -0.261722
595             0.645589     -0.287752
596             0.622277     -0.245274
597             0.576156     -0.278127
598             0.623249     -0.307121
599             0.591103     -0.247460
600             0.690363     -0.401759
601             0.693689     -0.428367
602             0.642735     -0.440014
603             0.481023      0.109194
604             0.469510      0.138799
605             0.439081      0.095789
606             0.390334     -0.719945
607             0.470052     -0.707145
608             0.429443     -0.673348
609             0.420897     -0.769815
610             0.463758     -0.750416
611             0.561564     -0.781578
612             0.591169     -0.753617
613             0.530713     -0.718049
614             0.571883     -0.714670
615             0.524419     -0.761321
616             0.574189     -0.503792
617             0.609905     -0.534493
618             0.608758     -0.485841
619             0.623251     -0.510386
620             0.603065     -0.380204
621             0.619176     -0.427765
622             0.627660     -0.367475
623             0.591227     -0.405519
624             0.644997     -0.408046
625             0.453515      0.157152
626             0.443504      0.176459
627             0.423086      0.114141
628             0.409914      0.182521
629             0.396215      0.145326
630             0.444407      0.133122
631             0.701259     -0.479527
632             0.698006     -0.453503
633             0.647052     -0.465149
634             0.661544     -0.489694
635             0.672873     -0.445431
636             0.582231     -0.343344
637             0.559732     -0.301622
638             0.606826     -0.330615
639             0.554979     -0.336785
640             0.596193     -0.298583
641             0.498555      0.069807
642             0.488686      0.091189
643             0.446744      0.077784
644             0.476660      0.058013
645             0.468064      0.096765
646             0.689167     -0.379518
647             0.680943     -0.358137
648             0.650022     -0.357483
649             0.667359     -0.398054
650             0.643800     -0.385805
651             0.698600     -0.539309
652             0.692880     -0.557902
653             0.647184     -0.550558
654             0.670497     -0.563444
655             0.660530     -0.526450
656             0.562420     -0.517283
657             0.598136     -0.547985
658             0.560765     -0.565395
659             0.588834     -0.525441
660             0.705494     -0.521948
661             0.707139     -0.498921
662             0.667424     -0.509089
663             0.683069     -0.489961
664             0.682055     -0.526717
665             0.001645      0.980789
666             0.001645      0.947688
667             0.001645      0.904656
668             0.001645      0.848715
669             0.001645      0.775992
670             0.001645      0.681451
671             0.001645      0.558549
672             0.001645      0.397627
673             0.001645      0.199822
674             0.001645      0.002016
675             0.001645     -0.195789
676             0.001645     -0.393595
677             0.001645     -0.591400
678             0.001645     -0.775366
679             0.001645     -0.909595
680             0.032072     -0.988487
681             0.142878     -0.973505
682             0.216462     -0.954233
683             0.289474     -0.935033
684             0.390089     -0.906786
685             0.453161     -0.884010
686             0.510691     -0.856908
687             0.582237     -0.803454
688             0.637336     -0.744243
689             0.675987     -0.674342
690             0.699442     -0.607981
691             0.713458     -0.562428
692             0.722862     -0.523026
693             0.723702     -0.475475
694             0.717160     -0.423135
695             0.708059     -0.372533
696             0.691433     -0.330449
697             0.672983     -0.287400
698             0.650172     -0.240132
699             0.624035     -0.204770
700             0.549628     -0.021060
701             0.532108      0.029748
702             0.516447      0.071546
703             0.495888      0.118421
704             0.473613      0.172483
705             0.452088      0.213995
706             0.426487      0.260584
707             0.400350      0.299020
708             0.361842      0.353618
709             0.310855      0.432566
710             0.287865      0.503862
711             0.275601      0.549414
712             0.261513      0.596217
713             0.238058      0.663186
714             0.224042      0.701731
715             0.212672      0.732766
716             0.202160      0.760798
717             0.190789      0.785362
718             0.173842      0.812929
719             0.164617      0.835991
720             0.151137      0.863880
721             0.131865      0.890160
722             0.111842      0.913651
723             0.083453      0.940968
724             0.069436      0.960240
725             0.055921      0.975329
726             0.036828      0.985555
727             0.018378      0.987092
728             0.559211     -0.049342
729             0.580592     -0.113487
730             0.001645      0.965393
731             0.001645      0.927673
732             0.001645      0.878637
733             0.001645      0.814890
734             0.001645      0.732019
735             0.001645      0.624287
736             0.001645      0.484235
737             0.001645      0.298725
738             0.001645      0.100919
739             0.001645     -0.096886
740             0.001645     -0.294692
741             0.001645     -0.492497
742             0.001645     -0.690303
743             0.001645     -0.846590
744             0.001645     -0.964383
745             0.092928     -0.981908
746             0.181922     -0.963279
747             0.246496     -0.946367
748             0.345395     -0.920230
749             0.423555     -0.894701
750             0.478904     -0.874714
751             0.548520     -0.830592
752             0.611842     -0.775493
753             0.658717     -0.709704
754             0.689145     -0.638158
755             0.706879     -0.583810
756             0.719179     -0.543836
757             0.724507     -0.500000
758             0.720449     -0.449451
759             0.713834     -0.396527
760             0.699836     -0.351151
761             0.682852     -0.310426
762             0.661828     -0.261370
763             0.638015     -0.223684
764             0.608231     -0.183388
765             0.540332      0.005900
766             0.524957      0.050486
767             0.506579      0.092928
768             0.484375      0.148026
769             0.463601      0.191791
770             0.439073      0.239095
771             0.414331      0.278461
772             0.384547      0.322261
773             0.332237      0.393092
774             0.297697      0.472039
775             0.281357      0.528032
776             0.270595      0.568006
777             0.248355      0.634046
778             0.230621      0.683638
779             0.218321      0.717463
780             0.207094      0.747640
781             0.197869      0.772240
782             0.180921      0.800164
783             0.169551      0.823656
784             0.159039      0.849936
785             0.140911      0.877825
786             0.123999      0.900887
787             0.095395      0.928454
788             0.076015      0.951194
789             0.063716      0.968106
790             0.046053      0.981908
791             0.028247      0.986270
792             0.007223      0.988022
793             0.569079     -0.078947
794             0.593750     -0.152961
795             0.032072     -0.961093
796             0.007223      0.980324
797             0.092928     -0.954514
798             0.032072     -0.906306
799             0.032072     -0.933699
800             0.062500     -0.957804
801             0.007223      0.964928
802             0.018378      0.979394
803             0.007223      0.972626
804             0.012800      0.979859
805             0.036197     -0.748768
806             0.105303     -0.766794
807             0.036197     -0.784379
808             0.036197     -0.855603
809             0.105303     -0.802406
810             0.036197     -0.819991
811             0.070750     -0.793393
812             0.036051      0.044289
813             0.104864      0.029931
814             0.239891      0.232541
815             0.239437      0.286475
816             0.190807      0.365785
817             0.223076      0.330890
818             0.037273      0.256391
819             0.108529      0.270626
820             0.216128      0.223616
821             0.168148      0.259701
822             0.215901      0.250583
823             0.167043      0.356860
824             0.151786      0.304116
825             0.183178      0.339413
826             0.215447      0.304518
827             0.167921      0.286668
828             0.215674      0.277550
829             0.199313      0.321965
830             0.191911      0.268626
831             0.175549      0.313041
832             0.272347      0.489597
833             0.234805      0.485238
834             0.269093      0.501682
835             0.262586      0.525853
836             0.231551      0.497324
837             0.265840      0.513767
838             0.250322      0.499503
839             0.185012      0.408189
840             0.205693      0.458102
841             0.158897      0.538001
842             0.196988      0.501373
843             0.029647      0.450909
844             0.085652      0.458568
845             0.159418      0.403024
846             0.128909      0.442607
847             0.169758      0.427980
848             0.133302      0.532835
849             0.120204      0.485877
850             0.152348      0.514522
851             0.190439      0.477894
852             0.139250      0.467563
853             0.180098      0.452937
854             0.171393      0.496208
855             0.154504      0.447772
856             0.145799      0.491042
857             0.134315     -0.957308
858             0.156234     -0.914687
859             0.153837     -0.952195
860             0.103887     -0.933204
861             0.237933     -0.930170
862             0.190774     -0.905641
863             0.222916     -0.934103
864             0.043032     -0.884995
865             0.125807     -0.890583
866             0.073460     -0.909100
867             0.077585     -0.858397
868             0.114847     -0.911893
869             0.192882     -0.941969
870             0.175757     -0.909574
871             0.173360     -0.947082
872             0.207899     -0.938036
873             0.164797     -0.930885
874             0.199336     -0.921838
875             0.146690     -0.805200
876             0.160359     -0.863984
877             0.112137     -0.831798
878             0.118972     -0.861190
879             0.021038      0.690799
880             0.059824      0.652330
881             0.021038      0.662217
882             0.021038      0.605053
883             0.059824      0.623748
884             0.021038      0.633635
885             0.040431      0.642982
886             0.124693      0.575510
887             0.094376      0.613900
888             0.254493      0.579220
889             0.227295      0.583056
890             0.256996      0.569924
891             0.247914      0.598135
892             0.234756      0.635964
893             0.220716      0.601970
894             0.241335      0.617049
895             0.234315      0.600053
896             0.262002      0.551331
897             0.229798      0.573760
898             0.259499      0.560628
899             0.246484      0.537067
900             0.243397      0.571842
901             0.158313      0.563479
902             0.195235      0.577809
903             0.177358      0.545166
904             0.215449      0.508538
905             0.214280      0.559495
906             0.230967      0.522802
907             0.196404      0.526852
908             0.230382      0.548281
909             0.195819      0.552330
910             0.213008      0.691916
911             0.185218      0.688020
912             0.016068      0.791431
913             0.044915      0.778337
914             0.016068      0.769445
915             0.016068      0.725472
916             0.044915      0.756351
917             0.016068      0.747458
918             0.030491      0.762898
919             0.096380      0.747472
920             0.071685      0.763684
921             0.076033      0.814778
922             0.064903      0.786119
923             0.117870      0.744107
924             0.136154      0.753587
925             0.014489      0.867951
926             0.040178      0.872599
927             0.074454      0.840561
928             0.060166      0.863468
929             0.048413      0.908542
930             0.051486      0.886129
931             0.149377      0.852013
932             0.135631      0.842223
933             0.152166      0.845041
934             0.144264      0.858985
935             0.157744      0.831096
936             0.138420      0.835251
937             0.154955      0.838068
938             0.145293      0.840146
939             0.134038      0.872930
940             0.130518      0.849195
941             0.139151      0.865957
942             0.137391      0.854090
943             0.093388      0.831162
944             0.116968      0.835273
945             0.009074      0.954280
946             0.023933      0.947450
947             0.042998      0.925820
948             0.035241      0.937963
949             0.082235      0.935293
950             0.072364      0.934168
951             0.078517      0.940406
952             0.071080      0.950632
953             0.068645      0.939281
954             0.074798      0.945519
955             0.073581      0.939843
956             0.052014      0.923212
957             0.062290      0.930141
958             0.039442     -0.559114
959             0.115037     -0.593445
960             0.039442     -0.608566
961             0.039442     -0.707468
962             0.115037     -0.642896
963             0.039442     -0.658017
964             0.073995     -0.716482
965             0.077240     -0.625731
966             0.143100     -0.734508
967             0.149590     -0.651910
968             0.108548     -0.725495
969             0.111792     -0.684196
970             0.033970     -0.365072
971             0.098620     -0.406928
972             0.033970     -0.414523
973             0.033970     -0.513426
974             0.098620     -0.456380
975             0.033970     -0.463974
976             0.071767     -0.530591
977             0.066295     -0.435451
978             0.215501     -0.358086
979             0.159130     -0.404600
980             0.147362     -0.564922
981             0.136417     -0.473545
982             0.109565     -0.547757
983             0.104092     -0.502068
984             0.040838     -0.136170
985             0.119226     -0.115833
986             0.242261     -0.102880
987             0.186367     -0.104736
988             0.144058     -0.009353
989             0.153632     -0.073561
990             0.423628     -0.292265
991             0.369892     -0.271887
992             0.268521     -0.316546
993             0.318189     -0.279981
994             0.265212     -0.912597
995             0.272610     -0.852923
996             0.293173     -0.905196
997             0.241632     -0.900333
998             0.349094     -0.890393
999             0.300570     -0.845521
1000             0.321133     -0.897794
1001             0.296871     -0.875359
1002             0.173969     -0.787627
1003             0.242195     -0.811266
1004             0.180803     -0.817019
1005             0.328801     -0.742755
1006             0.293806     -0.796309
1007             0.194473     -0.875804
1008             0.249030     -0.840658
1009             0.218052     -0.888068
1010             0.187638     -0.846411
1011             0.245331     -0.870495
1012             0.214917     -0.828839
1013             0.032668      0.224534
1014             0.094716      0.175055
1015             0.032668      0.175083
1016             0.068297      0.231652
1017             0.032668      0.076180
1018             0.094716      0.125604
1019             0.032668      0.125631
1020             0.067075      0.069001
1021             0.063692      0.150343
1022             0.211524      0.191759
1023             0.154334      0.164130
1024             0.187533      0.209802
1025             0.135887      0.054643
1026             0.129122      0.118425
1027             0.101481      0.061822
1028             0.098098      0.093713
1029             0.139553      0.245887
1030             0.130344      0.182173
1031             0.103925      0.238769
1032             0.163543      0.227844
1033             0.099320      0.206912
1034             0.158939      0.195987
1035             0.260907      0.202550
1036             0.302484      0.196501
1037             0.022905      0.426332
1038             0.065424      0.384838
1039             0.022905      0.376881
1040             0.050907      0.430162
1041             0.022905      0.277978
1042             0.065424      0.335387
1043             0.022905      0.327429
1044             0.058533      0.285095
1045             0.044164      0.356134
1046             0.152675      0.378447
1047             0.108681      0.368877
1048             0.145046      0.352075
1049             0.137421      0.398239
1050             0.129789      0.299331
1051             0.101052      0.342505
1052             0.094161      0.292213
1053             0.137418      0.325703
1054             0.079793      0.313800
1055             0.123049      0.347290
1056             0.106912      0.437821
1057             0.093427      0.388668
1058             0.078910      0.433992
1059             0.122166      0.418030
1060             0.072167      0.409415
1061             0.115424      0.393453
1062             0.462443     -0.281512
1063             0.486337     -0.239630
1064             0.264332     -0.079326
1065             0.252578     -0.034074
1066             0.236384     -0.080254
1067             0.166128      0.014201
1068             0.219843     -0.002899
1069             0.170915     -0.017903
1070             0.307264      0.042548
1071             0.266889      0.006550
1072             0.180490     -0.082111
1073             0.224631     -0.035003
1074             0.208437     -0.081182
1075             0.175703     -0.050007
1076             0.230508     -0.057628
1077             0.197773     -0.026453
1078             0.301194      0.409015
1079             0.268715      0.401386
1080             0.194123      0.386817
1081             0.233025      0.393987
1082             0.210257      0.369370
1083             0.204463      0.411774
1084             0.242527      0.334475
1085             0.249159      0.376539
1086             0.226392      0.351922
1087             0.229708      0.372954
1088             0.225144      0.461687
1089             0.243365      0.418943
1090             0.214804      0.436731
1091             0.223914      0.415359
1092             0.540244     -0.048096
1093             0.512178     -0.075210
1094             0.545178     -0.062899
1095             0.555046     -0.092504
1096             0.517112     -0.090013
1097             0.550112     -0.077702
1098             0.531145     -0.076456
1099             0.440971     -0.107715
1100             0.479087     -0.095083
1101             0.017922      0.581565
1102             0.050476      0.553284
1103             0.017922      0.544408
1104             0.037315      0.590912
1105             0.017922      0.470095
1106             0.050476      0.516128
1107             0.017922      0.507252
1108             0.045924      0.473925
1109             0.034199      0.530268
1110             0.121577      0.552022
1111             0.085027      0.543437
1112             0.115028      0.528543
1113             0.106418      0.571217
1114             0.101929      0.481585
1115             0.078478      0.519958
1116             0.073927      0.477755
1117             0.108478      0.505064
1118             0.062201      0.496941
1119             0.096753      0.524250
1120             0.076101      0.609608
1121             0.069869      0.562632
1122             0.056708      0.600260
1123             0.091260      0.590412
1124             0.053592      0.576772
1125             0.088143      0.566925
1126             0.143323      0.575560
1127             0.150266      0.614049
1128             0.128164      0.594755
1129             0.161784      0.582724
1130             0.097847      0.633145
1131             0.135108      0.633245
1132             0.113006      0.613950
1133             0.131636      0.614000
1134             0.198707      0.597054
1135             0.168727      0.621214
1136             0.180245      0.589889
1137             0.165256      0.601969
1138             0.166927      0.672878
1139             0.158134      0.646489
1140             0.019603      0.709634
1141             0.055520      0.708836
1142             0.038996      0.690400
1143             0.034026      0.725073
1144             0.099915      0.731634
1145             0.082290      0.716170
1146             0.087568      0.739740
1147             0.077782      0.651931
1148             0.074913      0.689602
1149             0.058389      0.671165
1150             0.056954      0.690001
1151             0.062873      0.755952
1152             0.069943      0.724276
1153             0.048450      0.740513
1154             0.075220      0.747846
1155             0.051985      0.724675
1156             0.078755      0.732008
1157             0.111851      0.726286
1158             0.118098      0.700126
1159             0.103038      0.718554
1160             0.089718      0.646583
1161             0.110720      0.673558
1162             0.108348      0.646633
1163             0.088283      0.665419
1164             0.158798      0.686316
1165             0.133747      0.686802
1166             0.154402      0.673121
1167             0.145609      0.646732
1168             0.129350      0.673608
1169             0.126978      0.646682
1170             0.150005      0.659927
1171             0.118849      0.660120
1172             0.141876      0.673364
1173             0.085414      0.703090
1174             0.109285      0.692394
1175             0.094226      0.710822
1176             0.086848      0.684254
1177             0.106162      0.705474
1178             0.098784      0.678906
1179             0.114926      0.898012
1180             0.104648      0.881536
1181             0.118860      0.892649
1182             0.126726      0.881922
1183             0.108581      0.876173
1184             0.122793      0.887286
1185             0.124966      0.870055
1186             0.113720      0.884411
1187             0.086076      0.840155
1188             0.095031      0.862251
1189             0.078932      0.851609
1190             0.097866      0.842210
1191             0.064644      0.874516
1192             0.087887      0.873704
1193             0.071788      0.863062
1194             0.083409      0.862657
1195             0.121446      0.846321
1196             0.106821      0.864306
1197             0.123206      0.858188
1198             0.109656      0.844265
1199             0.115893      0.867181
1200             0.102343      0.853258
1201             0.109515      0.751822
1202             0.111091      0.776734
1203             0.097168      0.759928
1204             0.118658      0.756563
1205             0.089168      0.819128
1206             0.104309      0.799169
1207             0.083603      0.804798
1208             0.100958      0.821183
1209             0.072473      0.776140
1210             0.098744      0.784840
1211             0.084820      0.768034
1212             0.078038      0.790469
1213             0.097956      0.772384
1214             0.091173      0.794819
1215             0.136942      0.766043
1216             0.120233      0.781475
1217             0.127800      0.761303
1218             0.119445      0.769019
1219             0.124538      0.825294
1220             0.116099      0.801225
1221             0.112748      0.823238
1222             0.108528      0.811204
1223             0.207371      0.726535
1224             0.191193      0.728948
1225             0.210232      0.718669
1226             0.204582      0.733972
1227             0.215952      0.702937
1228             0.194053      0.721082
1229             0.213092      0.710803
1230             0.202058      0.700989
1231             0.202142      0.719875
1232             0.199005      0.748846
1233             0.188404      0.736385
1234             0.201793      0.741409
1235             0.196493      0.735179
1236             0.174269      0.697093
1237             0.180159      0.719134
1238             0.188163      0.699041
1239             0.191108      0.710061
1240             0.154748      0.751284
1241             0.173652      0.737197
1242             0.011040      0.856197
1243             0.029830      0.837335
1244             0.011040      0.839284
1245             0.023884      0.858520
1246             0.011040      0.805459
1247             0.029830      0.820423
1248             0.011040      0.822372
1249             0.025463      0.798913
1250             0.020435      0.829854
1251             0.071005      0.828806
1252             0.049818      0.828205
1253             0.065440      0.814477
1254             0.063861      0.840260
1255             0.054309      0.785819
1256             0.044253      0.813876
1257             0.039886      0.792366
1258             0.059874      0.800148
1259             0.034858      0.806394
1260             0.054846      0.814177
1261             0.049573      0.863168
1262             0.042674      0.839659
1263             0.036728      0.860844
1264             0.056717      0.851714
1265             0.033279      0.849090
1266             0.053267      0.839960
1267             0.007428      0.913563
1268             0.018996      0.905356
1269             0.007428      0.900553
1270             0.007428      0.874534
1271             0.018996      0.892347
1272             0.007428      0.887543
1273             0.020273      0.876858
1274             0.013212      0.896450
1275             0.041352      0.915124
1276             0.030304      0.905877
1277             0.042888      0.903918
1278             0.045962      0.881505
1279             0.031840      0.894671
1280             0.033117      0.879181
1281             0.044425      0.892711
1282             0.026057      0.885764
1283             0.037364      0.899294
1284             0.169618      0.805384
1285             0.156881      0.801021
1286             0.167473      0.810747
1287             0.163182      0.821474
1288             0.154736      0.806384
1289             0.165328      0.816111
1290             0.153520      0.823551
1291             0.161105      0.808566
1292             0.146600      0.768455
1293             0.149209      0.788711
1294             0.138246      0.776171
1295             0.134197      0.827706
1296             0.145074      0.808462
1297             0.143859      0.825629
1298             0.129977      0.815672
1299             0.149297      0.816006
1300             0.121537      0.791603
1301             0.140854      0.796427
1302             0.129892      0.783887
1303             0.125757      0.803637
1304             0.139550      0.786299
1305             0.135416      0.806049
1306             0.190690      0.776310
1307             0.180622      0.773009
1308             0.192835      0.770589
1309             0.185756      0.783711
1310             0.175887      0.798514
1311             0.175688      0.780410
1312             0.180821      0.791113
1313             0.169519      0.796332
1314             0.180722      0.782061
1315             0.197126      0.759148
1316             0.182767      0.767288
1317             0.194980      0.764868
1318             0.191825      0.752917
1319             0.187801      0.768939
1320             0.152869      0.761585
1321             0.168015      0.768101
1322             0.162321      0.754542
1323             0.154173      0.771713
1324             0.181225      0.740455
1325             0.177467      0.761058
1326             0.186525      0.746686
1327             0.171773      0.747499
1328             0.184646      0.756987
1329             0.169894      0.757800
1330             0.156782      0.791969
1331             0.169319      0.778229
1332             0.163150      0.794151
1333             0.155478      0.781841
1334             0.169419      0.787281
1335             0.161746      0.774971
1336             0.006532      0.950301
1337             0.016306      0.935514
1338             0.006532      0.940294
1339             0.013961      0.946886
1340             0.006532      0.920279
1341             0.016306      0.925507
1342             0.006532      0.930287
1343             0.012316      0.916176
1344             0.011419      0.932900
1345             0.040455      0.921841
1346             0.027614      0.926027
1347             0.036577      0.927913
1348             0.034931      0.917217
1349             0.028820      0.940056
1350             0.023736      0.932099
1351             0.021391      0.943471
1352             0.032699      0.933985
1353             0.018849      0.939493
1354             0.030156      0.930006
1355             0.023883      0.907970
1356             0.022090      0.921403
1357             0.018099      0.912073
1358             0.029407      0.912594
1359             0.017203      0.918790
1360             0.028510      0.919310
1361             0.058710      0.966185
1362             0.054419      0.954475
1363             0.061570      0.962251
1364             0.067291      0.954385
1365             0.057280      0.950542
1366             0.064431      0.958318
1367             0.066074      0.948710
1368             0.059425      0.956397
1369             0.048225      0.926966
1370             0.050924      0.941402
1371             0.044347      0.933038
1372             0.053363      0.930430
1373             0.036591      0.945181
1374             0.047046      0.947474
1375             0.040469      0.939109
1376             0.045697      0.940256
1377             0.063640      0.937359
1378             0.056062      0.944866
1379             0.064857      0.943034
1380             0.058502      0.933895
1381             0.061068      0.946788
1382             0.054713      0.937648
1383             0.054436      0.970461
1384             0.041597      0.967304
1385             0.049502      0.973751
1386             0.052291      0.964606
1387             0.039633      0.980330
1388             0.036663      0.970594
1389             0.044567      0.977040
1390             0.035343      0.980687
1391             0.043082      0.972172
1392             0.010028      0.959703
1393             0.026794      0.963718
1394             0.015606      0.966936
1395             0.017458      0.956288
1396             0.026761      0.981402
1397             0.032372      0.970951
1398             0.031052      0.981045
1399             0.021184      0.974169
1400             0.033857      0.975819
1401             0.023989      0.968944
1402             0.032317      0.949458
1403             0.034224      0.960303
1404             0.024887      0.952873
1405             0.037544      0.950604
1406             0.025841      0.958296
1407             0.048000      0.952896
1408             0.039452      0.961450
1409             0.050145      0.958751
1410             0.042772      0.951750
1411             0.045871      0.963028
1412             0.038498      0.956027
1413             0.033789     -0.174682
1414             0.098077     -0.231369
1415             0.033789     -0.224133
1416             0.072983     -0.164513
1417             0.033789     -0.323036
1418             0.098077     -0.280821
1419             0.033789     -0.273584
1420             0.066114     -0.343964
1421             0.065933     -0.252477
1422             0.215320     -0.316050
1423             0.158587     -0.278492
1424             0.187135     -0.339307
1425             0.130764     -0.385821
1426             0.130402     -0.301749
1427             0.098439     -0.364892
1428             0.158949     -0.362564
1429             0.098258     -0.322857
1430             0.158768     -0.320528
1431             0.151370     -0.144177
1432             0.137271     -0.221201
1433             0.112176     -0.154345
1434             0.105127     -0.192857
1435             0.348894     -0.499580
1436             0.289110     -0.485096
1437             0.247569     -0.370585
1438             0.255335     -0.442097
1439             0.219384     -0.393842
1440             0.179431     -0.577421
1441             0.232622     -0.511043
1442             0.173958     -0.531733
1443             0.163013     -0.440356
1444             0.227150     -0.465355
1445             0.191198     -0.417099
1446             0.168486     -0.486044
1447             0.223267     -0.429598
1448             0.200554     -0.498544
1449             0.373184     -0.476147
1450             0.361979     -0.414797
1451             0.343292     -0.468905
1452             0.426966     -0.322871
1453             0.379907     -0.363705
1454             0.400098     -0.312682
1455             0.271859     -0.347152
1456             0.328204     -0.371799
1457             0.296693     -0.328869
1458             0.275742     -0.382908
1459             0.346362     -0.292304
1460             0.353039     -0.353516
1461             0.373230     -0.302493
1462             0.321528     -0.310587
1463             0.376569     -0.333099
1464             0.324866     -0.341193
1465             0.283508     -0.454421
1466             0.332087     -0.407555
1467             0.313400     -0.461663
1468             0.279625     -0.418665
1469             0.337690     -0.438230
1470             0.303915     -0.395232
1471             0.390218     -0.535812
1472             0.413083     -0.593794
1473             0.365852     -0.692680
1474             0.404961     -0.646084
1475             0.485429     -0.673480
1476             0.444820     -0.639683
1477             0.264550     -0.126948
1478             0.253233     -0.176943
1479             0.236603     -0.127877
1480             0.244658     -0.301606
1481             0.246603     -0.235162
1482             0.269493     -0.283324
1483             0.216292     -0.282828
1484             0.180708     -0.129734
1485             0.225286     -0.177871
1486             0.208656     -0.128805
1487             0.173659     -0.168246
1488             0.230945     -0.152874
1489             0.319162     -0.246759
1490             0.271437     -0.216880
1491             0.294327     -0.265041
1492             0.270465     -0.250102
1493             0.159559     -0.245270
1494             0.218236     -0.216383
1495             0.187926     -0.264049
1496             0.166609     -0.206758
1497             0.217264     -0.249605
1498             0.195948     -0.192315
1499             0.381872     -0.888551
1500             0.398907     -0.839996
1501             0.398606     -0.882509
1502             0.357611     -0.866115
1503             0.470688     -0.856479
1504             0.428512     -0.829305
1505             0.457816     -0.861127
1506             0.432073     -0.870423
1507             0.415640     -0.833953
1508             0.415339     -0.876466
1509             0.444945     -0.865775
1510             0.407123     -0.858231
1511             0.436728     -0.847540
1512             0.361580     -0.740913
1513             0.392143     -0.790783
1514             0.344082     -0.767690
1515             0.309087     -0.821244
1516             0.374645     -0.817560
1517             0.333349     -0.843679
1518             0.326585     -0.794467
1519             0.366128     -0.841838
1520             0.359364     -0.792625
1521             0.165409     -0.758389
1522             0.216517     -0.723553
1523             0.168654     -0.717090
1524             0.199522     -0.770209
1525             0.320241     -0.713518
1526             0.268127     -0.708596
1527             0.302744     -0.740294
1528             0.175144     -0.634491
1529             0.219762     -0.682254
1530             0.171899     -0.675791
1531             0.194208     -0.699672
1532             0.267749     -0.793848
1533             0.250630     -0.735372
1534             0.233636     -0.782028
1535             0.285246     -0.767071
1536             0.225076     -0.752791
1537             0.276687     -0.737833
1538             0.020018      0.027536
1539             0.056764     -0.020327
1540             0.020018     -0.021915
1541             0.054424      0.020357
1542             0.020018     -0.120818
1543             0.056764     -0.069778
1544             0.020018     -0.071367
1545             0.059212     -0.110650
1546             0.038391     -0.045847
1547             0.123237      0.005999
1548             0.091171     -0.027506
1549             0.088831      0.013178
1550             0.128024     -0.026105
1551             0.072798     -0.003574
1552             0.137599     -0.090313
1553             0.095958     -0.059610
1554             0.098405     -0.100481
1555             0.132812     -0.058209
1556             0.077585     -0.085130
1557             0.111991     -0.042858
1558             0.401533     -0.486533
1559             0.447027     -0.445957
1560             0.395931     -0.455858
1561             0.455316     -0.333257
1562             0.464955     -0.394865
1563             0.431786     -0.353675
1564             0.528275     -0.478142
1565             0.489274     -0.443160
1566             0.384726     -0.394509
1567             0.441425     -0.415282
1568             0.390329     -0.425184
1569             0.408256     -0.374092
1570             0.418678     -0.435570
1571             0.436605     -0.384478
1572             0.237356      0.177832
1573             0.231832      0.122347
1574             0.208761      0.164017
1575             0.161720      0.040715
1576             0.206620      0.076642
1577             0.158337      0.072606
1578             0.188578      0.032165
1579             0.302856      0.069062
1580             0.253665      0.086091
1581             0.282668      0.051063
1582             0.151572      0.136388
1583             0.203237      0.108533
1584             0.180167      0.150203
1585             0.154955      0.104497
1586             0.205999      0.136275
1587             0.180787      0.090569
1588             0.242293      0.015065
1589             0.233478      0.068092
1590             0.215435      0.023615
1591             0.262481      0.033064
1592             0.211028      0.050128
1593             0.258073      0.059577
1594             0.472796     -0.297132
1595             0.517395     -0.286488
1596             0.484743     -0.276190
1597             0.508636     -0.234308
1598             0.529342     -0.265546
1599             0.496689     -0.255249
1600             0.507042     -0.270868
1601             0.565060     -0.486658
1602             0.599629     -0.468707
1603             0.546947     -0.519689
1604             0.545292     -0.567801
1605             0.515416     -0.665748
1606             0.534782     -0.616487
1607             0.495112     -0.648849
1608             0.600522     -0.565742
1609             0.563150     -0.583152
1610             0.454503     -0.615053
1611             0.514477     -0.599589
1612             0.474807     -0.631951
1613             0.504795     -0.624219
1614             0.617002     -0.742040
1615             0.597715     -0.703093
1616             0.627692     -0.724770
1617             0.649074     -0.690231
1618             0.608406     -0.685823
1619             0.638383     -0.707500
1620             0.618049     -0.705297
1621             0.526318     -0.688688
1622             0.567487     -0.685309
1623             0.536001     -0.664058
1624             0.555367     -0.614797
1625             0.577170     -0.660679
1626             0.545684     -0.639428
1627             0.556586     -0.662369
1628             0.291887     -0.086913
1629             0.335244     -0.056836
1630             0.286010     -0.064287
1631             0.334819      0.034961
1632             0.349554     -0.016212
1633             0.314631      0.016962
1634             0.405665     -0.095973
1635             0.373170     -0.059856
1636             0.409324     -0.006575
1637             0.374389     -0.030057
1638             0.274256     -0.019036
1639             0.329367     -0.034211
1640             0.280133     -0.041662
1641             0.294444     -0.001037
1642             0.307688     -0.049249
1643             0.321999     -0.008624
1644             0.350029      0.064613
1645             0.395183      0.072743
1646             0.424534      0.023077
1647             0.420018      0.058898
1648             0.363868      0.318015
1649             0.338314      0.286283
1650             0.371770      0.306395
1651             0.387573      0.283154
1652             0.346216      0.274663
1653             0.379672      0.294775
1654             0.358993      0.290529
1655             0.261473      0.221785
1656             0.304182      0.254206
1657             0.261246      0.248752
1658             0.282262      0.218760
1659             0.260792      0.302686
1660             0.303955      0.281173
1661             0.261019      0.275719
1662             0.282601      0.264962
1663             0.323839      0.212712
1664             0.324971      0.251182
1665             0.303050      0.215736
1666             0.303616      0.234971
1667             0.443245     -0.276798
1668             0.428744     -0.225486
1669             0.416377     -0.266609
1670             0.455192     -0.255856
1671             0.421808     -0.135481
1672             0.421598     -0.178380
1673             0.362641     -0.246231
1674             0.401876     -0.215297
1675             0.389509     -0.256420
1676             0.409126     -0.240953
1677             0.479086     -0.213974
1678             0.440691     -0.204545
1679             0.467139     -0.234915
1680             0.447941     -0.230200
1681             0.584181     -0.168955
1682             0.551885     -0.161469
1683             0.577602     -0.149218
1684             0.564444     -0.109744
1685             0.545306     -0.141732
1686             0.571023     -0.129481
1687             0.545477     -0.108498
1688             0.561454     -0.145475
1689             0.507647     -0.203448
1690             0.526374     -0.172967
1691             0.507543     -0.106007
1692             0.526339     -0.140487
1693             0.526510     -0.107253
1694             0.535908     -0.124493
1695             0.680263     -0.340134
1696             0.649342     -0.339480
1697             0.675973     -0.330122
1698             0.667391     -0.310099
1699             0.645052     -0.329468
1700             0.671682     -0.320111
1701             0.660512     -0.329795
1702             0.596990     -0.358246
1703             0.621584     -0.345517
1704             0.422278      0.242125
1705             0.401703      0.223086
1706             0.428785      0.229575
1707             0.416200      0.251064
1708             0.441800      0.204475
1709             0.408210      0.210536
1710             0.435293      0.217025
1711             0.418498      0.220056
1712             0.404043      0.268942
1713             0.395624      0.232025
1714             0.410121      0.260003
1715             0.383364      0.264696
1716             0.405912      0.241545
1717             0.340308      0.198500
1718             0.374379      0.208545
1719             0.340874      0.217735
1720             0.342006      0.256204
1721             0.374945      0.227779
1722             0.362685      0.260450
1723             0.341440      0.236970
1724             0.379155      0.246238
1725             0.357910      0.222757
1726             0.357958      0.336825
1727             0.320584      0.342712
1728             0.343155      0.356562
1729             0.345181      0.320959
1730             0.313550      0.396036
1731             0.305782      0.362449
1732             0.328353      0.376299
1733             0.297310      0.392221
1734             0.324468      0.359505
1735             0.254882      0.321495
1736             0.286226      0.337602
1737             0.258198      0.342528
1738             0.276464      0.310739
1739             0.264831      0.384593
1740             0.289542      0.358634
1741             0.281071      0.388407
1742             0.261515      0.363560
1743             0.293426      0.375428
1744             0.273870      0.350581
1745             0.319627      0.289227
1746             0.307807      0.326846
1747             0.332404      0.305093
1748             0.298045      0.299983
1749             0.326494      0.323902
1750             0.292135      0.318792
1751             0.305305      0.421225
1752             0.281047      0.438016
1753             0.298726      0.440961
1754             0.289066      0.417410
1755             0.285568      0.480435
1756             0.274468      0.457753
1757             0.292147      0.460698
1758             0.266797      0.478256
1759             0.286597      0.449357
1760             0.229255      0.473897
1761             0.255697      0.455574
1762             0.248026      0.476077
1763             0.238365      0.452525
1764             0.261247      0.466915
1765             0.256586      0.409782
1766             0.264808      0.434202
1767             0.272826      0.413596
1768             0.247476      0.431153
1769             0.276937      0.425806
1770             0.251586      0.443363
1771             0.537814     -0.030516
1772             0.504890     -0.022468
1773             0.533166     -0.017036
1774             0.523781     -0.044073
1775             0.523870      0.009923
1776             0.500242     -0.008988
1777             0.528518     -0.003556
1778             0.516704     -0.013012
1779             0.442201     -0.000737
1780             0.473019     -0.012542
1781             0.495716     -0.071187
1782             0.490857     -0.036025
1783             0.509749     -0.057630
1784             0.507319     -0.040049
1785             0.688251     -0.610752
1786             0.673306     -0.592124
1787             0.691970     -0.598667
1788             0.699407     -0.574496
1789             0.677024     -0.580038
1790             0.695688     -0.586581
1791             0.684497     -0.589352
1792             0.630864     -0.563480
1793             0.654176     -0.576366
1794             0.231605      0.652325
1795             0.211264      0.651055
1796             0.227887      0.662551
1797             0.224585      0.635329
1798             0.220450      0.683003
1799             0.207545      0.661281
1800             0.224168      0.672777
1801             0.206555      0.681055
1802             0.217716      0.661916
1803             0.210545      0.601335
1804             0.204244      0.634059
1805             0.217565      0.618332
1806             0.195556      0.613416
1807             0.214415      0.634694
1808             0.178766      0.677159
1809             0.193651      0.659333
1810             0.192661      0.679107
1811             0.174370      0.663965
1812             0.200103      0.670194
1813             0.165577      0.637576
1814             0.189254      0.646139
1815             0.180566      0.625496
1816             0.169973      0.650770
1817             0.192405      0.629777
1818             0.181812      0.655052
1819             0.109772      0.906515
1820             0.089185      0.907045
1821             0.101549      0.913916
1822             0.104633      0.898277
1823             0.085101      0.928719
1824             0.080961      0.914446
1825             0.093325      0.921318
1826             0.080165      0.928156
1827             0.091255      0.914181
1828             0.054880      0.916639
1829             0.070888      0.910420
1830             0.056416      0.905432
1831             0.060018      0.920103
1832             0.059490      0.883019
1833             0.072424      0.899213
1834             0.057953      0.894226
1835             0.071111      0.882613
1836             0.064420      0.902323
1837             0.070294      0.927031
1838             0.076026      0.913884
1839             0.075230      0.927594
1840             0.065156      0.923567
1841             0.078096      0.921020
1842             0.068022      0.916993
1843             0.094354      0.881801
1844             0.084046      0.898807
1845             0.099494      0.890039
1846             0.082733      0.882207
1847             0.094339      0.898542
1848             0.077579      0.890710
1849             0.117861      0.734620
1850             0.136128      0.725128
1851             0.127003      0.739360
1852             0.120984      0.721540
1853             0.164808      0.694649
1854             0.151777      0.711804
1855             0.152283      0.694893
1856             0.167753      0.705670
1857             0.145288      0.748841
1858             0.145270      0.729868
1859             0.136145      0.744101
1860             0.154739      0.741797
1861             0.136137      0.734614
1862             0.127231      0.695380
1863             0.139251      0.712047
1864             0.124108      0.708460
1865             0.139757      0.695136
1866             0.130118      0.716794
1867             0.145767      0.703470
1868             0.173643      0.727711
1869             0.154722      0.722824
1870             0.170698      0.716690
1871             0.164191      0.734754
1872             0.161238      0.714247
1873             0.154731      0.732311
1874             0.358932     -0.531685
1875             0.319222     -0.581411
1876             0.329039     -0.524443
1877             0.370364     -0.560676
1878             0.334565     -0.688552
1879             0.311100     -0.633700
1880             0.354120     -0.665254
1881             0.308509     -0.686092
1882             0.189468     -0.609526
1883             0.262735     -0.607358
1884             0.216064     -0.576337
1885             0.211777     -0.633407
1886             0.269255     -0.509959
1887             0.289330     -0.574169
1888             0.299147     -0.517201
1889             0.242660     -0.543148
1890             0.309185     -0.549306
1891             0.252697     -0.575253
1892             0.393228     -0.618658
1893             0.330655     -0.610402
1894             0.381796     -0.589667
1895             0.373674     -0.641956
1896             0.350509     -0.585539
1897             0.342387     -0.637828
1898             0.256395     -0.681170
1899             0.285043     -0.631239
1900             0.282452     -0.683631
1901             0.234086     -0.657289
1902             0.296776     -0.658665
1903             0.248410     -0.632323
1904             0.402023     -0.512120
1905             0.448497     -0.522716
1906             0.413455     -0.541111
1907             0.424770     -0.491831
1908             0.528765     -0.503729
1909             0.490744     -0.519919
1910             0.509265     -0.486237
1911             0.527937     -0.527784
1912             0.436320     -0.599093
1913             0.459929     -0.551707
1914             0.424888     -0.570102
1915             0.466307     -0.591360
1916             0.436692     -0.546409
1917             0.470264     -0.451255
1918             0.471244     -0.502428
1919             0.447517     -0.471543
1920             0.489764     -0.468746
1921             0.448007     -0.497130
1922             0.490254     -0.494333
1923             0.526282     -0.575896
1924             0.489917     -0.543975
1925             0.527110     -0.551840
1926             0.496295     -0.583628
1927             0.508927     -0.535880
1928             0.478112     -0.567668
1929             0.492119     -0.846780
1930             0.492803     -0.800208
1931             0.511033     -0.833622
1932             0.471031     -0.833193
1933             0.548862     -0.807306
1934             0.511717     -0.787050
1935             0.529947     -0.820464
1936             0.511375     -0.810336
1937             0.502586     -0.712014
1938             0.496292     -0.755286
1939             0.428854     -0.806019
1940             0.471715     -0.786621
1941             0.449942     -0.819606
1942             0.471373     -0.809907
1943             0.288433     -0.114616
1944             0.324882     -0.139945
1945             0.282775     -0.139613
1946             0.310111     -0.099577
1947             0.402211     -0.123676
1948             0.362808     -0.142965
1949             0.385963     -0.105618
1950             0.402106     -0.145126
1951             0.343044     -0.234426
1952             0.343085     -0.179882
1953             0.319182     -0.219487
1954             0.362662     -0.218959
1955             0.271458     -0.189607
1956             0.319223     -0.164942
1957             0.277116     -0.164610
1958             0.295320     -0.204547
1959             0.300999     -0.152278
1960             0.319203     -0.192214
1961             0.353468     -0.069501
1962             0.346560     -0.124907
1963             0.331790     -0.084539
1964             0.369716     -0.087559
1965             0.328336     -0.112242
1966             0.366262     -0.115262
1967             0.401896     -0.188025
1968             0.362703     -0.164415
1969             0.402001     -0.166575
1970             0.382279     -0.203492
1971             0.382404     -0.154770
1972             0.362682     -0.191687
1973             0.336593      0.080205
1974             0.354876      0.119521
1975             0.359170      0.084271
1976             0.333459      0.179903
1977             0.353831      0.152753
1978             0.350494      0.184925
1979             0.404324      0.092401
1980             0.377453      0.123586
1981             0.381747      0.088336
1982             0.368311      0.103928
1983             0.384565      0.194970
1984             0.370867      0.157776
1985             0.367530      0.189948
1986             0.360680      0.171350
1987             0.625880     -0.544983
1988             0.639226     -0.520876
1989             0.624160     -0.472004
1990             0.638652     -0.496549
1991             0.254230      0.188869
1992             0.282452      0.155461
1993             0.275018      0.185845
1994             0.251467      0.161127
1995             0.319729      0.080099
1996             0.304285      0.119204
1997             0.295134      0.088614
1998             0.328871      0.099757
1999             0.316595      0.179797
2000             0.303241      0.152436
2001             0.295807      0.182821
2002             0.326781      0.166222
2003             0.289129      0.169141
2004             0.245943      0.105643
2005             0.279690      0.127718
2006             0.248705      0.133385
2007             0.270539      0.097128
2008             0.265579      0.144423
2009             0.287412      0.108166
2010             0.347154      0.139073
2011             0.313427      0.138862
2012             0.338012      0.119415
2013             0.336968      0.152648
2014             0.321149      0.119310
2015             0.320104      0.152542
2016             0.659550     -0.674624
2017             0.639835     -0.639003
2018             0.666129     -0.656532
2019             0.639216     -0.672420
2020             0.679287     -0.620347
2021             0.646414     -0.620910
2022             0.672708     -0.638439
2023             0.671814     -0.611033
2024             0.656271     -0.638721
2025             0.621900     -0.573076
2026             0.627284     -0.605153
2027             0.603214     -0.581780
2028             0.633556     -0.579519
2029             0.565843     -0.599190
2030             0.608599     -0.613858
2031             0.584528     -0.590485
2032             0.576745     -0.622131
2033             0.605906     -0.597819
2034             0.598548     -0.668013
2035             0.619501     -0.636799
2036             0.618882     -0.670216
2037             0.587647     -0.645072
2038             0.629358     -0.654609
2039             0.598123     -0.629465
2040             0.656869     -0.592405
2041             0.638941     -0.611596
2042             0.664342     -0.601719
2043             0.645212     -0.585962
2044             0.655378     -0.611315
2045             0.636248     -0.595558
2046             0.470419     -0.314713
2047             0.510265     -0.339233
2048             0.475239     -0.345517
2049             0.492719     -0.309391
2050             0.571066     -0.361331
2051             0.543814     -0.354772
2052             0.484878     -0.407125
2053             0.515085     -0.370037
2054             0.480058     -0.376321
2055             0.495162     -0.357777
2056             0.537318     -0.298747
2057             0.532565     -0.333911
2058             0.515018     -0.304069
2059             0.512642     -0.321651
2060             0.551086     -0.475535
2061             0.557707     -0.435338
2062             0.531585     -0.458044
2063             0.568370     -0.466560
2064             0.578774     -0.377268
2065             0.566936     -0.402583
2066             0.565148     -0.373989
2067             0.492585     -0.423061
2068             0.538207     -0.417847
2069             0.512085     -0.440553
2070             0.507688     -0.404517
2071             0.534896     -0.437945
2072             0.602940     -0.448609
2073             0.574992     -0.426363
2074             0.585655     -0.457584
2075             0.571681     -0.446461
2076             0.537895     -0.367430
2077             0.553310     -0.399303
2078             0.551522     -0.370709
2079             0.522792     -0.385973
2080             0.559229     -0.386646
2081             0.530499     -0.401910
2082             0.592644     -0.184481
2083             0.577274     -0.208048
2084             0.600546     -0.195172
2085             0.576496     -0.180738
2086             0.616350     -0.216553
2087             0.585176     -0.218739
2088             0.608448     -0.205862
2089             0.592861     -0.206955
2090             0.516110     -0.218974
2091             0.551762     -0.219546
2092             0.526463     -0.234593
2093             0.525473     -0.203734
2094             0.547168     -0.265832
2095             0.562115     -0.235165
2096             0.536815     -0.250213
2097             0.544289     -0.234879
2098             0.544200     -0.173253
2099             0.561126     -0.204305
2100             0.560348     -0.176995
2101             0.534837     -0.188493
2102             0.568811     -0.192522
2103             0.543300     -0.204019
2104             0.435155     -0.124286
2105             0.461638     -0.144796
2106             0.454213     -0.117970
2107             0.435050     -0.145736
2108             0.492433     -0.202779
2109             0.480731     -0.170960
2110             0.473235     -0.198064
2111             0.501796     -0.187539
2112             0.492329     -0.105338
2113             0.480696     -0.138480
2114             0.473271     -0.111654
2115             0.501727     -0.122578
2116             0.467454     -0.128225
2117             0.434840     -0.188635
2118             0.461533     -0.166246
2119             0.434945     -0.167186
2120             0.454037     -0.193350
2121             0.448291     -0.155991
2122             0.467384     -0.182155
2123             0.520523     -0.157058
2124             0.490094     -0.155720
2125             0.511160     -0.172298
2126             0.511125     -0.139818
2127             0.495945     -0.171629
2128             0.495911     -0.139149
2129             0.510434      0.054958
2130             0.488539      0.043164
2131             0.514010      0.044589
2132             0.521161      0.023851
2133             0.492115      0.032795
2134             0.517585      0.034220
2135             0.509347      0.014395
2136             0.503062      0.038692
2137             0.439492      0.013191
2138             0.464892      0.029242
2139             0.437234      0.031102
2140             0.454901      0.007289
2141             0.432718      0.066923
2142             0.462634      0.047153
2143             0.434976      0.049013
2144             0.449934      0.039127
2145             0.485719     -0.004516
2146             0.480301      0.023339
2147             0.497533      0.004940
2148             0.470310      0.001386
2149             0.494824      0.018867
2150             0.467601      0.015314
2151             0.426018     -0.098272
2152             0.434228     -0.066753
2153             0.445076     -0.091956
2154             0.409770     -0.080213
2155             0.429677     -0.008874
2156             0.435448     -0.036953
2157             0.412210     -0.020615
2158             0.445086     -0.014776
2159             0.483192     -0.079324
2160             0.453286     -0.060437
2161             0.464134     -0.085640
2162             0.480763     -0.061743
2163             0.449181     -0.076196
2164             0.377275     -0.044097
2165             0.417980     -0.048694
2166             0.393522     -0.062155
2167             0.394742     -0.032356
2168             0.413875     -0.064454
2169             0.415095     -0.034655
2170             0.475904     -0.026581
2171             0.450857     -0.042856
2172             0.460495     -0.020679
2173             0.478333     -0.044162
2174             0.447971     -0.028816
2175             0.465810     -0.052299
2176             0.341123      0.051811
2177             0.368466      0.034337
2178             0.348490      0.026224
2179             0.363700      0.055876
2180             0.415628      0.010275
2181             0.393301      0.020492
2182             0.398161     -0.001466
2183             0.413370      0.028185
2184             0.363226     -0.024948
2185             0.375833      0.008751
2186             0.355858      0.000638
2187             0.380693     -0.013207
2188             0.362162      0.017488
2189             0.386997      0.003642
2190             0.408854      0.064007
2191             0.391043      0.038403
2192             0.386277      0.059941
2193             0.411112      0.046096
2194             0.377371      0.047139
2195             0.402206      0.033294
2196             0.645342     -0.255039
2197             0.623525     -0.268405
2198             0.650919     -0.268053
2199             0.639263     -0.246815
2200             0.662075     -0.294083
2201             0.629103     -0.281420
2202             0.656497     -0.281068
2203             0.650905     -0.303768
2204             0.640011     -0.274737
2205             0.627107     -0.230367
2206             0.617447     -0.260181
2207             0.633185     -0.238591
2208             0.611520     -0.231460
2209             0.628355     -0.253498
2210             0.557925     -0.279646
2211             0.594386     -0.276608
2212             0.565399     -0.264313
2213             0.628565     -0.323137
2214             0.617933     -0.291104
2215             0.639735     -0.313452
2216             0.634419     -0.297436
2217             0.580346     -0.233646
2218             0.601860     -0.261274
2219             0.595933     -0.232553
2220             0.572872     -0.248979
2221             0.606690     -0.246367
2222             0.583629     -0.262793
2223             0.701267     -0.392492
2224             0.679460     -0.411027
2225             0.702930     -0.405795
2226             0.706256     -0.432403
2227             0.681123     -0.424331
2228             0.704593     -0.419099
2229             0.692026     -0.415063
2230             0.629824     -0.449873
2231             0.655645     -0.430154
2232             0.491334      0.106406
2233             0.470712      0.111982
2234             0.485577      0.121209
2235             0.474064      0.150814
2236             0.464955      0.126785
2237             0.479821      0.136012
2238             0.475266      0.123997
2239             0.428420      0.086299
2240             0.449741      0.105280
2241             0.368316     -0.717962
2242             0.412352     -0.721928
2243             0.387870     -0.694663
2244             0.383598     -0.742897
2245             0.487893     -0.698761
2246             0.452211     -0.715528
2247             0.467588     -0.681863
2248             0.484746     -0.720397
2249             0.426979     -0.648067
2250             0.431906     -0.698630
2251             0.407425     -0.671365
2252             0.447283     -0.664965
2253             0.409888     -0.696647
2254             0.449747     -0.690246
2255             0.414161     -0.792766
2256             0.427634     -0.746863
2257             0.398879     -0.767831
2258             0.435591     -0.783067
2259             0.405616     -0.744880
2260             0.478451     -0.763669
2261             0.449064     -0.737164
2262             0.481598     -0.742033
2263             0.457021     -0.773368
2264             0.466905     -0.728780
2265             0.442327     -0.760115
2266             0.564499     -0.799506
2267             0.558628     -0.763649
2268             0.579302     -0.785526
2269             0.545927     -0.789378
2270             0.608907     -0.757565
2271             0.573431     -0.749669
2272             0.594104     -0.771545
2273             0.599264     -0.738092
2274             0.576366     -0.767597
2275             0.518223     -0.704214
2276             0.543203     -0.731885
2277             0.538808     -0.702524
2278             0.515076     -0.725850
2279             0.579977     -0.699145
2280             0.563788     -0.730196
2281             0.589621     -0.718618
2282             0.559393     -0.700835
2283             0.581526     -0.734144
2284             0.551298     -0.716360
2285             0.508782     -0.769121
2286             0.540056     -0.753521
2287             0.527354     -0.779249
2288             0.511929     -0.747485
2289             0.542991     -0.771449
2290             0.527566     -0.739685
2291             0.560982     -0.499712
2292             0.587396     -0.507871
2293             0.578267     -0.490737
2294             0.614556     -0.545765
2295             0.605254     -0.523222
2296             0.621229     -0.533711
2297             0.612836     -0.472786
2298             0.604681     -0.498895
2299             0.595551     -0.481762
2300             0.620082     -0.485059
2301             0.591474     -0.494816
2302             0.634575     -0.509604
2303             0.611927     -0.511168
2304             0.627902     -0.521658
2305             0.627328     -0.497331
2306             0.616578     -0.522440
2307             0.616005     -0.498113
2308             0.593879     -0.372408
2309             0.612251     -0.388001
2310             0.606176     -0.366043
2311             0.587960     -0.385065
2312             0.618045     -0.443748
2313             0.620306     -0.411781
2314             0.604071     -0.432625
2315             0.630955     -0.433889
2316             0.630771     -0.353314
2317             0.624548     -0.381636
2318             0.618473     -0.359678
2319             0.615362     -0.373840
2320             0.576122     -0.410379
2321             0.606332     -0.400658
2322             0.582041     -0.397722
2323             0.590097     -0.421502
2324             0.597146     -0.392862
2325             0.605202     -0.416642
2326             0.656776     -0.414171
2327             0.633217     -0.401922
2328             0.643866     -0.424030
2329             0.632086     -0.417906
2330             0.466067      0.159990
2331             0.440964      0.154313
2332             0.461061      0.169644
2333             0.461513      0.147976
2334             0.451050      0.188952
2335             0.435958      0.163967
2336             0.456055      0.179298
2337             0.434255      0.191983
2338             0.448510      0.166805
2339             0.420423      0.095475
2340             0.425749      0.132808
2341             0.406987      0.111068
2342             0.431083      0.104965
2343             0.400664      0.198044
2344             0.419163      0.166997
2345             0.417459      0.195013
2346             0.393815      0.179447
2347             0.426709      0.179490
2348             0.380116      0.142253
2349             0.412314      0.148400
2350             0.393552      0.126660
2351             0.386965      0.160850
2352             0.409650      0.129734
2353             0.403064      0.163923
2354             0.452404      0.123946
2355             0.436410      0.142298
2356             0.456958      0.135961
2357             0.441744      0.114456
2358             0.448961      0.145137
2359             0.433746      0.123632
2360             0.713294     -0.484007
2361             0.689224     -0.475047
2362             0.711668     -0.470995
2363             0.708415     -0.444971
2364             0.687598     -0.462035
2365             0.710041     -0.457983
2366             0.695848     -0.440935
2367             0.699633     -0.466515
2368             0.631983     -0.462440
2369             0.662121     -0.467858
2370             0.639229     -0.474713
2371             0.644893     -0.452581
2372             0.653721     -0.499258
2373             0.669367     -0.480130
2374             0.646475     -0.486985
2375             0.654298     -0.477422
2376             0.670714     -0.432863
2377             0.675031     -0.457999
2378             0.683281     -0.436899
2379             0.657804     -0.442722
2380             0.685440     -0.449467
2381             0.659962     -0.455290
2382             0.583462     -0.353978
2383             0.581001     -0.332711
2384             0.595759     -0.347613
2385             0.569836     -0.350698
2386             0.549714     -0.291394
2387             0.569751     -0.311850
2388             0.547337     -0.308976
2389             0.567944     -0.289874
2390             0.620354     -0.334884
2391             0.593298     -0.326347
2392             0.608057     -0.341249
2393             0.615038     -0.318868
2394             0.594529     -0.336980
2395             0.542584     -0.344139
2396             0.567375     -0.329432
2397             0.556210     -0.347419
2398             0.544960     -0.326557
2399             0.568605     -0.340065
2400             0.557356     -0.319204
2401             0.604405     -0.286836
2402             0.587982     -0.310330
2403             0.586175     -0.288355
2404             0.609721     -0.302852
2405             0.577963     -0.300102
2406             0.601510     -0.314599
2407             0.509968      0.065331
2408             0.487141      0.074283
2409             0.505034      0.076022
2410             0.499021      0.059434
2411             0.495165      0.097404
2412             0.482207      0.084974
2413             0.500100      0.086713
2414             0.484855      0.100192
2415             0.493620      0.080498
2416             0.432252      0.077296
2417             0.461236      0.078272
2418             0.447210      0.067411
2419             0.442912      0.086787
2420             0.477126      0.047640
2421             0.476194      0.068386
2422             0.488073      0.053537
2423             0.462168      0.057526
2424             0.487607      0.063910
2425             0.461702      0.067899
2426             0.464233      0.105767
2427             0.471896      0.087762
2428             0.474544      0.102979
2429             0.453572      0.096277
2430             0.478375      0.093977
2431             0.457404      0.087274
2432             0.700669     -0.381371
2433             0.677665     -0.377666
2434             0.696557     -0.370680
2435             0.689765     -0.390639
2436             0.688333     -0.349299
2437             0.673553     -0.366975
2438             0.692445     -0.359989
2439             0.672873     -0.348972
2440             0.685055     -0.368828
2441             0.641952     -0.348318
2442             0.658092     -0.366648
2443             0.657412     -0.348645
2444             0.638841     -0.362479
2445             0.665483     -0.357810
2446             0.667958     -0.409175
2447             0.666761     -0.386934
2448             0.678861     -0.399907
2449             0.656178     -0.403050
2450             0.678263     -0.388786
2451             0.632619     -0.390801
2452             0.654981     -0.380809
2453             0.635730     -0.376640
2454             0.644398     -0.396926
2455             0.646911     -0.371644
2456             0.655580     -0.391930
2457             0.710320     -0.536924
2458             0.686881     -0.541694
2459             0.707459     -0.546221
2460             0.701739     -0.564813
2461             0.684020     -0.550990
2462             0.704599     -0.555517
2463             0.690547     -0.567584
2464             0.695740     -0.548605
2465             0.633196     -0.553797
2466             0.661173     -0.547318
2467             0.644852     -0.560240
2468             0.639868     -0.541743
2469             0.668165     -0.573127
2470             0.672829     -0.553761
2471             0.679356     -0.570356
2472             0.656509     -0.566684
2473             0.681688     -0.560673
2474             0.658841     -0.557001
2475             0.653214     -0.517636
2476             0.667846     -0.535264
2477             0.646541     -0.529690
2478             0.653857     -0.538504
2479             0.555098     -0.506458
2480             0.569743     -0.528108
2481             0.554270     -0.530514
2482             0.568305     -0.510537
2483             0.608672     -0.552511
2484             0.587601     -0.543459
2485             0.589986     -0.561216
2486             0.604021     -0.541239
2487             0.552615     -0.578626
2488             0.568915     -0.552164
2489             0.553443     -0.554570
2490             0.571301     -0.569921
2491             0.561593     -0.541339
2492             0.579451     -0.556690
2493             0.594719     -0.518696
2494             0.582950     -0.532187
2495             0.581512     -0.514616
2496             0.599370     -0.529967
2497             0.575627     -0.521362
2498             0.593485     -0.536713
2499             0.713767     -0.528244
2500             0.697222     -0.515652
2501             0.714589     -0.516730
2502             0.702047     -0.530628
2503             0.716234     -0.493704
2504             0.698044     -0.504139
2505             0.715412     -0.505217
2506             0.704199     -0.489224
2507             0.706317     -0.510434
2508             0.656661     -0.508955
2509             0.678187     -0.509222
2510             0.664484     -0.499391
2511             0.663977     -0.517769
2512             0.680129     -0.480264
2513             0.686009     -0.499658
2514             0.692164     -0.484744
2515             0.672307     -0.489828
2516             0.695104     -0.494441
2517             0.675247     -0.499525
2518             0.678608     -0.535398
2519             0.685502     -0.518036
2520             0.690328     -0.533013
2521             0.671293     -0.526584
2522             0.693775     -0.524332
2523             0.674740     -0.517903
