2 260
1,665
36,666
37,667
38,668
39,669
40,670
41,671
42,672
43,673
44,674
45,675
46,676
47,677
48,678
49,679
2,680
3,681
50,682
4,683
5,684
51,685
6,686
7,687
8,688
9,689
10,690
52,691
11,692
12,693
53,694
13,695
14,696
54,697
15,698
55,699
17,700
56,701
18,702
19,703
20,704
57,705
21,706
58,707
22,708
23,709
24,710
59,711
25,712
26,713
60,714
27,715
61,716
28,717
29,718
62,719
30,720
63,721
31,722
32,723
64,724
33,725
34,726
65,727
17,728
35,729
184,730
185,731
186,732
187,733
188,734
189,735
190,736
191,737
192,738
193,739
194,740
195,741
196,742
197,743
198,744
199,745
200,746
201,747
202,748
203,749
204,750
205,751
206,752
207,753
208,754
209,755
210,756
211,757
212,758
213,759
214,760
215,761
216,762
217,763
218,764
219,765
220,766
221,767
222,768
223,769
224,770
225,771
226,772
227,773
228,774
229,775
230,776
231,777
232,778
233,779
234,780
235,781
236,782
237,783
238,784
239,785
240,786
241,787
242,788
243,789
244,790
245,791
246,792
247,793
248,794
665,184
666,185
667,186
668,187
669,188
670,189
671,190
672,191
673,192
674,193
675,194
676,195
677,196
678,197
679,198
680,199
681,200
682,201
683,202
684,203
685,204
686,205
687,206
688,207
689,208
690,209
691,210
692,211
693,212
694,213
695,214
696,215
697,216
698,217
699,218
700,219
701,220
702,221
703,222
704,223
705,224
706,225
707,226
708,227
709,228
710,229
711,230
712,231
713,232
714,233
715,234
716,235
717,236
718,237
719,238
720,239
721,240
722,241
723,242
724,243
725,244
726,245
727,246
728,247
729,248
730,36
731,37
732,38
733,39
734,40
735,41
736,42
737,43
738,44
739,45
740,46
741,47
742,48
743,49
744,2
745,3
746,50
747,4
748,5
749,51
750,6
751,7
752,8
753,9
754,10
755,52
756,11
757,12
758,53
759,13
760,14
761,54
762,15
763,55
764,16
765,56
766,18
767,19
768,20
769,57
770,21
771,58
772,22
773,23
774,24
775,59
776,25
777,26
778,60
779,27
780,61
781,28
782,29
783,62
784,30
785,63
786,31
787,32
788,64
789,33
790,34
791,65
792,1
793,35
794,16
