2 2523
0.0016447,0.98849
0.0016447,-0.99178
0.12336,-0.97862
0.26151,-0.94243
0.37336,-0.91283
0.49178,-0.87007
0.56743,-0.81743
0.62664,-0.76151
0.66941,-0.69243
0.69572,-0.62007
0.72204,-0.53454
0.72533,-0.48849
0.71217,-0.38322
0.69572,-0.34046
0.65625,-0.24836
0.60033,-0.1727
0.55428,-0.034539
0.52138,0.060855
0.50164,0.10362
0.47862,0.16283
0.43257,0.25164
0.37664,0.33388
0.31743,0.41283
0.29112,0.49178
0.26809,0.5773
0.24178,0.65296
0.21546,0.72533
0.19572,0.77796
0.17599,0.80757
0.15625,0.85691
0.12007,0.90625
0.087171,0.93586
0.060855,0.97204
0.041118,0.9852
0.57401,-0.09375
0.0016447,0.95769
0.0016447,0.91767
0.0016447,0.86563
0.0016447,0.79798
0.0016447,0.71003
0.0016447,0.59571
0.0016447,0.44708
0.0016447,0.24927
0.0016447,0.051468
0.0016447,-0.14634
0.0016447,-0.34414
0.0016447,-0.54195
0.0016447,-0.73975
0.0016447,-0.8822
0.20144,-0.95817
0.44029,-0.88866
0.7106,-0.57172
0.71882,-0.43644
0.67856,-0.30041
0.63194,-0.21546
0.53568,0.019379
0.4586,0.20144
0.40825,0.2874
0.2781,0.54012
0.2269,0.69386
0.2043,0.75508
0.16741,0.82902
0.1358,0.8848
0.072297,0.95631
0.023956,0.98663
0.37879,-0.50682
0.27021,-0.10195
0.24012,0.20557
0.17467,0.38323
0.13986,-0.77581
0.13985,0.55631
0.10873,0.73937
0.081598,0.82911
0.046876,0.91975
0.3463,-0.71598
0.4505,-0.30245
0.24369,-0.33483
0.54777,-0.49563
0.13927,0.022751
0.32745,0.060547
0.42191,-0.11403
0.23921,0.31344
0.14416,0.27774
0.21603,0.48306
0.11365,0.4624
0.16719,-0.89338
0.079217,0.6331
0.2137,0.58497
0.17132,0.68607
0.059338,0.77179
0.1453,0.75833
0.053022,0.87492
0.12876,0.83733
0.031363,0.94403
0.067428,0.93361
0.15283,-0.61061
0.13094,-0.42786
0.50573,-0.69038
0.15842,-0.10566
0.34302,-0.2617
0.27631,-0.82309
0.12574,0.15032
0.58469,-0.36461
0.32327,0.19348
0.086684,0.36409
0.42679,0.0051659
0.49828,-0.21869
0.61921,-0.55704
0.2467,-0.011449
0.25248,0.39757
0.49815,-0.088767
0.066753,0.53914
0.15374,0.63329
0.073478,0.70844
0.12122,0.68705
0.099509,0.8733
0.11188,0.78919
0.1831,0.73015
0.039225,0.8279
0.02478,0.90125
0.15051,0.79884
0.17559,0.77136
0.021193,0.92812
0.052274,0.94862
0.035178,0.96573
0.13022,-0.25971
0.25922,-0.47785
0.35638,-0.38412
0.42452,-0.62279
0.24757,-0.20194
0.40742,-0.81572
0.24207,-0.70613
0.075138,-0.044258
0.46977,-0.42567
0.22907,0.094605
0.53969,-0.28117
0.61691,-0.45973
0.54446,-0.59186
0.58807,-0.68362
0.35692,-0.041798
0.41776,0.076809
0.32554,0.27042
0.42149,-0.19983
0.53574,-0.15773
0.63388,-0.33915
0.39141,0.21357
0.3019,0.34566
0.26892,0.44641
0.48843,-0.018444
0.66583,-0.58281
0.20109,0.65042
0.078892,0.90731
0.14526,0.72038
0.29937,-0.60627
0.47173,-0.52801
0.49315,-0.77692
0.34311,-0.15261
0.36402,0.13918
0.6459,-0.50882
0.29656,0.13876
0.62998,-0.62119
0.53019,-0.35149
0.56102,-0.41524
0.56959,-0.21983
0.47488,-0.15505
0.47759,0.037267
0.43833,-0.050993
0.38214,0.025601
0.61262,-0.27509
0.66856,-0.4203
0.4604,0.11477
0.43437,-0.72391
0.55569,-0.74572
0.6006,-0.51195
0.62144,-0.3958
0.42841,0.15147
0.67719,-0.47057
0.57977,-0.32208
0.47573,0.078759
0.66616,-0.37581
0.67516,-0.54408
0.57707,-0.53893
0.68895,-0.50936
0.0016447,0.97309
0.0016447,0.93768
0.0016447,0.89165
0.0016447,0.8318
0.0016447,0.75401
0.0016447,0.65287
0.0016447,0.52139
0.0016447,0.34818
0.0016447,0.15037
0.0016447,-0.047435
0.0016447,-0.24524
0.0016447,-0.44305
0.0016447,-0.64085
0.0016447,-0.81098
0.0016447,-0.93699
0.0625,-0.9852
0.1624,-0.96839
0.23148,-0.9503
0.31743,-0.92763
0.40682,-0.90074
0.46603,-0.87936
0.52961,-0.84375
0.59704,-0.78947
0.64803,-0.72697
0.68257,-0.65625
0.70316,-0.5959
0.71632,-0.55313
0.72368,-0.51151
0.72208,-0.46246
0.7155,-0.40983
0.70395,-0.36184
0.68714,-0.32044
0.66741,-0.27439
0.64409,-0.23191
0.61613,-0.19408
0.54498,-0.0075801
0.52853,0.040117
0.51151,0.082237
0.49013,0.13322
0.46861,0.18214
0.44558,0.22654
0.42041,0.26952
0.39245,0.31064
0.34704,0.37336
0.30428,0.4523
0.28461,0.51595
0.2731,0.55871
0.25493,0.61513
0.23434,0.67341
0.22118,0.7096
0.20988,0.7402
0.20001,0.76652
0.18586,0.79276
0.1717,0.81829
0.16183,0.84296
0.14602,0.87085
0.12793,0.89552
0.10362,0.92105
0.079734,0.94608
0.066576,0.96417
0.050987,0.97862
0.032537,0.98591
0.0128,0.98756
0.56414,-0.064145
0.58717,-0.13322
0.0625,-0.93041
0.0128,0.97216
0.07075,-0.75778
0.07075,-0.829
0.070457,0.03711
0.23966,0.25951
0.20694,0.34834
0.072901,0.26351
0.19214,0.24166
0.15941,0.33049
0.19168,0.29559
0.25358,0.48742
0.24707,0.51159
0.19535,0.43315
0.17794,0.51969
0.05765,0.45474
0.14416,0.42282
0.12675,0.50936
0.16484,0.47273
0.14527,-0.936
0.21435,-0.91791
0.084419,-0.88779
0.18432,-0.92577
0.15352,-0.83459
0.040431,0.67156
0.040431,0.6144
0.10953,0.59471
0.24089,0.58114
0.22774,0.61897
0.2459,0.56255
0.17677,0.57064
0.21486,0.53402
0.19911,0.68997
0.030491,0.78488
0.030491,0.74091
0.084033,0.75558
0.070468,0.80045
0.12701,0.74885
0.027334,0.87027
0.06731,0.85201
0.049949,0.89734
0.1425,0.84712
0.14808,0.83317
0.13228,0.86106
0.10518,0.83322
0.016504,0.95086
0.039119,0.93189
0.0773,0.93473
0.069863,0.94496
0.057152,0.92668
0.07724,-0.57628
0.07724,-0.67518
0.14635,-0.69321
0.066295,-0.386
0.066295,-0.4849
0.18732,-0.38134
0.14189,-0.51923
0.080032,-0.126
0.21431,-0.10381
0.14884,-0.041457
0.39676,-0.28208
0.29335,-0.29826
0.26891,-0.88276
0.32483,-0.86796
0.20808,-0.79945
0.3113,-0.76953
0.22175,-0.85823
0.063692,0.19979
0.063692,0.10089
0.18293,0.17794
0.1325,0.086534
0.13495,0.21403
0.2817,0.19953
0.044164,0.40559
0.044164,0.30668
0.13068,0.37366
0.11542,0.32092
0.10017,0.41324
0.47439,-0.26057
0.25845,-0.0567
0.19299,0.0056514
0.28708,0.024549
0.20256,-0.058557
0.28495,0.4052
0.21357,0.3904
0.24584,0.35551
0.23425,0.44032
0.52621,-0.061653
0.53608,-0.091259
0.46003,-0.1014
0.034199,0.56742
0.034199,0.49311
0.1033,0.54773
0.090204,0.50077
0.072985,0.58612
0.14679,0.5948
0.11648,0.63319
0.18372,0.60913
0.16253,0.65968
0.037561,0.70924
0.091103,0.7239
0.076347,0.67077
0.066408,0.74011
0.11497,0.71321
0.10022,0.66007
0.14627,0.68656
0.13748,0.66017
0.097349,0.69774
0.10979,0.88977
0.11765,0.87905
0.090553,0.8512
0.076265,0.87411
0.11413,0.85531
0.1103,0.76428
0.096738,0.80915
0.085608,0.78049
0.12859,0.77376
0.12032,0.81326
0.19928,0.72774
0.205,0.71201
0.1937,0.74262
0.17721,0.70811
0.1642,0.74424
0.020435,0.84677
0.020435,0.81294
0.060411,0.82851
0.049281,0.79985
0.046123,0.85141
0.013212,0.90946
0.013212,0.88344
0.035828,0.9105
0.038901,0.88809
0.16325,0.8032
0.15896,0.81393
0.1479,0.77858
0.13964,0.81808
0.1312,0.79401
0.18566,0.77466
0.17579,0.78946
0.18995,0.76322
0.16044,0.76484
0.17935,0.75076
0.16305,0.7851
0.011419,0.94291
0.011419,0.92289
0.034035,0.92393
0.026278,0.93608
0.022986,0.91469
0.056565,0.96033
0.062285,0.95246
0.049575,0.93418
0.041818,0.94633
0.059851,0.94111
0.048016,0.96888
0.038148,0.97546
0.018411,0.96171
0.029567,0.97618
0.03327,0.95488
0.043726,0.95717
0.065933,-0.20303
0.065933,-0.30193
0.18695,-0.29727
0.13058,-0.34378
0.14432,-0.18269
0.319,-0.49234
0.25145,-0.40634
0.20603,-0.54423
0.19508,-0.45286
0.36758,-0.44547
0.40344,-0.34329
0.30003,-0.35948
0.3497,-0.32291
0.3078,-0.43099
0.40165,-0.5648
0.38541,-0.66938
0.46512,-0.65658
0.25889,-0.15195
0.24563,-0.26838
0.203,-0.1538
0.2953,-0.23182
0.1889,-0.23083
0.39039,-0.86427
0.4496,-0.84289
0.42386,-0.85219
0.37686,-0.76585
0.34187,-0.8194
0.19096,-0.74097
0.29418,-0.71106
0.19745,-0.65837
0.25919,-0.76461
0.038391,0.0036046
0.038391,-0.095298
0.1072,-0.010754
0.11678,-0.074962
0.42428,-0.46624
0.46014,-0.36406
0.50877,-0.46065
0.41308,-0.4049
0.23459,0.15009
0.18417,0.058678
0.27826,0.077576
0.1774,0.12246
0.23789,0.041578
0.4951,-0.29181
0.51899,-0.24993
0.58234,-0.47768
0.54612,-0.54374
0.5251,-0.64112
0.58184,-0.57445
0.48449,-0.60732
0.60736,-0.72257
0.62874,-0.68803
0.5469,-0.687
0.56627,-0.63774
0.31357,-0.071875
0.34219,0.0093746
0.38942,-0.077915
0.39186,-0.018316
0.30181,-0.026623
0.37261,0.068678
0.42228,0.040987
0.35109,0.30215
0.36689,0.27891
0.28283,0.238
0.28237,0.29193
0.3244,0.23195
0.43599,-0.25114
0.4217,-0.15693
0.38226,-0.23076
0.45989,-0.20926
0.56803,-0.16521
0.55488,-0.12574
0.51701,-0.18821
0.51694,-0.12325
0.6648,-0.33981
0.65622,-0.31978
0.60929,-0.35188
0.41199,0.23261
0.42501,0.20751
0.39983,0.25048
0.35734,0.20352
0.35848,0.24199
0.33927,0.33977
0.30967,0.37924
0.27055,0.32955
0.27719,0.37161
0.31372,0.30804
0.29318,0.42962
0.28002,0.46909
0.24248,0.46474
0.2607,0.42199
0.52135,-0.026492
0.51206,0.00046759
0.45761,-0.0066391
0.49329,-0.053606
0.68078,-0.60144
0.68822,-0.57727
0.64252,-0.56992
0.22143,0.65169
0.214,0.67214
0.20739,0.6177
0.18621,0.66825
0.17742,0.64186
0.099479,0.90678
0.083031,0.92158
0.062884,0.91353
0.065957,0.89112
0.07316,0.92046
0.0892,0.8903
0.12699,0.72987
0.15829,0.70323
0.14528,0.73935
0.13324,0.70371
0.16418,0.72527
0.33908,-0.55655
0.32283,-0.66113
0.2261,-0.60844
0.27929,-0.54206
0.36194,-0.61453
0.27072,-0.6562
0.42526,-0.51742
0.50975,-0.51182
0.44812,-0.5754
0.47075,-0.47684
0.5081,-0.55994
0.49246,-0.82349
0.53029,-0.79718
0.49944,-0.73365
0.45028,-0.79632
0.30666,-0.12728
0.38251,-0.13332
0.34306,-0.20715
0.29534,-0.17727
0.35001,-0.097204
0.3823,-0.17622
0.34573,0.099863
0.34364,0.16633
0.39089,0.10799
0.37772,0.17637
0.63255,-0.53293
0.63141,-0.48428
0.26834,0.17216
0.31201,0.099652
0.30992,0.16612
0.26282,0.11668
0.33029,0.13897
0.64969,-0.65681
0.66285,-0.62063
0.62459,-0.58911
0.58722,-0.60652
0.60902,-0.65241
0.6479,-0.602
0.49034,-0.32697
0.55744,-0.35805
0.49998,-0.38858
0.53494,-0.31633
0.5544,-0.45544
0.57286,-0.38993
0.5154,-0.42045
0.58897,-0.43749
0.5456,-0.38337
0.58496,-0.19626
0.60076,-0.21765
0.53394,-0.21926
0.55464,-0.2505
0.55266,-0.18878
0.4484,-0.13454
0.48658,-0.18687
0.48651,-0.12191
0.44819,-0.17744
0.50531,-0.15639
0.49949,0.049061
0.50664,0.028323
0.45219,0.021217
0.44768,0.057038
0.48301,0.0094115
0.43012,-0.082512
0.43256,-0.022914
0.46824,-0.06988
0.39763,-0.046396
0.46338,-0.034719
0.35479,0.043074
0.40446,0.015383
0.36953,-0.0080986
0.39995,0.051205
0.63443,-0.26172
0.64559,-0.28775
0.62228,-0.24527
0.57616,-0.27813
0.62325,-0.30712
0.5911,-0.24746
0.69036,-0.40176
0.69369,-0.42837
0.64273,-0.44001
0.48102,0.10919
0.46951,0.1388
0.43908,0.095789
0.39033,-0.71994
0.47005,-0.70714
0.42944,-0.67335
0.4209,-0.76981
0.46376,-0.75042
0.56156,-0.78158
0.59117,-0.75362
0.53071,-0.71805
0.57188,-0.71467
0.52442,-0.76132
0.57419,-0.50379
0.60991,-0.53449
0.60876,-0.48584
0.62325,-0.51039
0.60306,-0.3802
0.61918,-0.42776
0.62766,-0.36748
0.59123,-0.40552
0.645,-0.40805
0.45352,0.15715
0.4435,0.17646
0.42309,0.11414
0.40991,0.18252
0.39621,0.14533
0.44441,0.13312
0.70126,-0.47953
0.69801,-0.4535
0.64705,-0.46515
0.66154,-0.48969
0.67287,-0.44543
0.58223,-0.34334
0.55973,-0.30162
0.60683,-0.33062
0.55498,-0.33679
0.59619,-0.29858
0.49855,0.069807
0.48869,0.091189
0.44674,0.077784
0.47666,0.058013
0.46806,0.096765
0.68917,-0.37952
0.68094,-0.35814
0.65002,-0.35748
0.66736,-0.39805
0.6438,-0.38581
0.6986,-0.53931
0.69288,-0.5579
0.64718,-0.55056
0.6705,-0.56344
0.66053,-0.52645
0.56242,-0.51728
0.59814,-0.54798
0.56077,-0.56539
0.58883,-0.52544
0.70549,-0.52195
0.70714,-0.49892
0.66742,-0.50909
0.68307,-0.48996
0.68206,-0.52672
0.0016447,0.98079
0.0016447,0.94769
0.0016447,0.90466
0.0016447,0.84871
0.0016447,0.77599
0.0016447,0.68145
0.0016447,0.55855
0.0016447,0.39763
0.0016447,0.19982
0.0016447,0.0020164
0.0016447,-0.19579
0.0016447,-0.39359
0.0016447,-0.5914
0.0016447,-0.77537
0.0016447,-0.9096
0.032072,-0.98849
0.14288,-0.97351
0.21646,-0.95423
0.28947,-0.93503
0.39009,-0.90679
0.45316,-0.88401
0.51069,-0.85691
0.58224,-0.80345
0.63734,-0.74424
0.67599,-0.67434
0.69944,-0.60798
0.71346,-0.56243
0.72286,-0.52303
0.7237,-0.47547
0.71716,-0.42314
0.70806,-0.37253
0.69143,-0.33045
0.67298,-0.2874
0.65017,-0.24013
0.62403,-0.20477
0.54963,-0.02106
0.53211,0.029748
0.51645,0.071546
0.49589,0.11842
0.47361,0.17248
0.45209,0.21399
0.42649,0.26058
0.40035,0.29902
0.36184,0.35362
0.31086,0.43257
0.28786,0.50386
0.2756,0.54941
0.26151,0.59622
0.23806,0.66319
0.22404,0.70173
0.21267,0.73277
0.20216,0.7608
0.19079,0.78536
0.17384,0.81293
0.16462,0.83599
0.15114,0.86388
0.13186,0.89016
0.11184,0.91365
0.083453,0.94097
0.069436,0.96024
0.055921,0.97533
0.036828,0.98555
0.018378,0.98709
0.55921,-0.049342
0.58059,-0.11349
0.0016447,0.96539
0.0016447,0.92767
0.0016447,0.87864
0.0016447,0.81489
0.0016447,0.73202
0.0016447,0.62429
0.0016447,0.48424
0.0016447,0.29872
0.0016447,0.10092
0.0016447,-0.096886
0.0016447,-0.29469
0.0016447,-0.4925
0.0016447,-0.6903
0.0016447,-0.84659
0.0016447,-0.96438
0.092928,-0.98191
0.18192,-0.96328
0.2465,-0.94637
0.34539,-0.92023
0.42356,-0.8947
0.4789,-0.87471
0.54852,-0.83059
0.61184,-0.77549
0.65872,-0.7097
0.68914,-0.63816
0.70688,-0.58381
0.71918,-0.54384
0.72451,-0.5
0.72045,-0.44945
0.71383,-0.39653
0.69984,-0.35115
0.68285,-0.31043
0.66183,-0.26137
0.63801,-0.22368
0.60823,-0.18339
0.54033,0.0058996
0.52496,0.050486
0.50658,0.092928
0.48437,0.14803
0.4636,0.19179
0.43907,0.23909
0.41433,0.27846
0.38455,0.32226
0.33224,0.39309
0.2977,0.47204
0.28136,0.52803
0.27059,0.56801
0.24836,0.63405
0.23062,0.68364
0.21832,0.71746
0.20709,0.74764
0.19787,0.77224
0.18092,0.80016
0.16955,0.82366
0.15904,0.84994
0.14091,0.87782
0.124,0.90089
0.095395,0.92845
0.076015,0.95119
0.063716,0.96811
0.046053,0.98191
0.028247,0.98627
0.0072225,0.98802
0.56908,-0.078947
0.59375,-0.15296
0.032072,-0.96109
0.0072225,0.98032
0.092928,-0.95451
0.032072,-0.90631
0.032072,-0.9337
0.0625,-0.9578
0.0072225,0.96493
0.018378,0.97939
0.0072225,0.97263
0.0128,0.97986
0.036197,-0.74877
0.1053,-0.76679
0.036197,-0.78438
0.036197,-0.8556
0.1053,-0.80241
0.036197,-0.81999
0.07075,-0.79339
0.036051,0.044289
0.10486,0.029931
0.23989,0.23254
0.23944,0.28648
0.19081,0.36578
0.22308,0.33089
0.037273,0.25639
0.10853,0.27063
0.21613,0.22362
0.16815,0.2597
0.2159,0.25058
0.16704,0.35686
0.15179,0.30412
0.18318,0.33941
0.21545,0.30452
0.16792,0.28667
0.21567,0.27755
0.19931,0.32197
0.19191,0.26863
0.17555,0.31304
0.27235,0.4896
0.2348,0.48524
0.26909,0.50168
0.26259,0.52585
0.23155,0.49732
0.26584,0.51377
0.25032,0.4995
0.18501,0.40819
0.20569,0.4581
0.1589,0.538
0.19699,0.50137
0.029647,0.45091
0.085652,0.45857
0.15942,0.40302
0.12891,0.44261
0.16976,0.42798
0.1333,0.53284
0.1202,0.48588
0.15235,0.51452
0.19044,0.47789
0.13925,0.46756
0.1801,0.45294
0.17139,0.49621
0.1545,0.44777
0.1458,0.49104
0.13431,-0.95731
0.15623,-0.91469
0.15384,-0.95219
0.10389,-0.9332
0.23793,-0.93017
0.19077,-0.90564
0.22292,-0.9341
0.043032,-0.885
0.12581,-0.89058
0.07346,-0.9091
0.077585,-0.8584
0.11485,-0.91189
0.19288,-0.94197
0.17576,-0.90957
0.17336,-0.94708
0.2079,-0.93804
0.1648,-0.93088
0.19934,-0.92184
0.14669,-0.8052
0.16036,-0.86398
0.11214,-0.8318
0.11897,-0.86119
0.021038,0.6908
0.059824,0.65233
0.021038,0.66222
0.021038,0.60505
0.059824,0.62375
0.021038,0.63363
0.040431,0.64298
0.12469,0.57551
0.094376,0.6139
0.25449,0.57922
0.2273,0.58306
0.257,0.56992
0.24791,0.59813
0.23476,0.63596
0.22072,0.60197
0.24134,0.61705
0.23432,0.60005
0.262,0.55133
0.2298,0.57376
0.2595,0.56063
0.24648,0.53707
0.2434,0.57184
0.15831,0.56348
0.19523,0.57781
0.17736,0.54517
0.21545,0.50854
0.21428,0.5595
0.23097,0.5228
0.1964,0.52685
0.23038,0.54828
0.19582,0.55233
0.21301,0.69192
0.18522,0.68802
0.016068,0.79143
0.044915,0.77834
0.016068,0.76944
0.016068,0.72547
0.044915,0.75635
0.016068,0.74746
0.030491,0.7629
0.09638,0.74747
0.071685,0.76368
0.076033,0.81478
0.064903,0.78612
0.11787,0.74411
0.13615,0.75359
0.014489,0.86795
0.040178,0.8726
0.074454,0.84056
0.060166,0.86347
0.048413,0.90854
0.051486,0.88613
0.14938,0.85201
0.13563,0.84222
0.15217,0.84504
0.14426,0.85899
0.15774,0.8311
0.13842,0.83525
0.15495,0.83807
0.14529,0.84015
0.13404,0.87293
0.13052,0.8492
0.13915,0.86596
0.13739,0.85409
0.093388,0.83116
0.11697,0.83527
0.0090743,0.95428
0.023933,0.94745
0.042998,0.92582
0.035241,0.93796
0.082235,0.93529
0.072364,0.93417
0.078517,0.94041
0.07108,0.95063
0.068645,0.93928
0.074798,0.94552
0.073581,0.93984
0.052014,0.92321
0.06229,0.93014
0.039442,-0.55911
0.11504,-0.59344
0.039442,-0.60857
0.039442,-0.70747
0.11504,-0.6429
0.039442,-0.65802
0.073995,-0.71648
0.07724,-0.62573
0.1431,-0.73451
0.14959,-0.65191
0.10855,-0.72549
0.11179,-0.6842
0.03397,-0.36507
0.09862,-0.40693
0.03397,-0.41452
0.03397,-0.51343
0.09862,-0.45638
0.03397,-0.46397
0.071767,-0.53059
0.066295,-0.43545
0.2155,-0.35809
0.15913,-0.4046
0.14736,-0.56492
0.13642,-0.47355
0.10956,-0.54776
0.10409,-0.50207
0.040838,-0.13617
0.11923,-0.11583
0.24226,-0.10288
0.18637,-0.10474
0.14406,-0.0093526
0.15363,-0.073561
0.42363,-0.29226
0.36989,-0.27189
0.26852,-0.31655
0.31819,-0.27998
0.26521,-0.9126
0.27261,-0.85292
0.29317,-0.9052
0.24163,-0.90033
0.34909,-0.89039
0.30057,-0.84552
0.32113,-0.89779
0.29687,-0.87536
0.17397,-0.78763
0.2422,-0.81127
0.1808,-0.81702
0.3288,-0.74276
0.29381,-0.79631
0.19447,-0.8758
0.24903,-0.84066
0.21805,-0.88807
0.18764,-0.84641
0.24533,-0.8705
0.21492,-0.82884
0.032668,0.22453
0.094716,0.17506
0.032668,0.17508
0.068297,0.23165
0.032668,0.07618
0.094716,0.1256
0.032668,0.12563
0.067075,0.069001
0.063692,0.15034
0.21152,0.19176
0.15433,0.16413
0.18753,0.2098
0.13589,0.054643
0.12912,0.11842
0.10148,0.061822
0.098098,0.093713
0.13955,0.24589
0.13034,0.18217
0.10392,0.23877
0.16354,0.22784
0.09932,0.20691
0.15894,0.19599
0.26091,0.20255
0.30248,0.1965
0.022905,0.42633
0.065424,0.38484
0.022905,0.37688
0.050907,0.43016
0.022905,0.27798
0.065424,0.33539
0.022905,0.32743
0.058533,0.2851
0.044164,0.35613
0.15267,0.37845
0.10868,0.36888
0.14505,0.35208
0.13742,0.39824
0.12979,0.29933
0.10105,0.3425
0.094161,0.29221
0.13742,0.3257
0.079793,0.3138
0.12305,0.34729
0.10691,0.43782
0.093427,0.38867
0.07891,0.43399
0.12217,0.41803
0.072167,0.40941
0.11542,0.39345
0.46244,-0.28151
0.48634,-0.23963
0.26433,-0.079326
0.25258,-0.034074
0.23638,-0.080254
0.16613,0.014201
0.21984,-0.0028986
0.17092,-0.017903
0.30726,0.042548
0.26689,0.0065503
0.18049,-0.082111
0.22463,-0.035003
0.20844,-0.081182
0.1757,-0.050007
0.23051,-0.057628
0.19777,-0.026453
0.30119,0.40901
0.26872,0.40139
0.19412,0.38682
0.23302,0.39399
0.21026,0.36937
0.20446,0.41177
0.24253,0.33447
0.24916,0.37654
0.22639,0.35192
0.22971,0.37295
0.22514,0.46169
0.24336,0.41894
0.2148,0.43673
0.22391,0.41536
0.54024,-0.048096
0.51218,-0.07521
0.54518,-0.062899
0.55505,-0.092504
0.51711,-0.090013
0.55011,-0.077702
0.53114,-0.076456
0.44097,-0.10772
0.47909,-0.095083
0.017922,0.58156
0.050476,0.55328
0.017922,0.54441
0.037315,0.59091
0.017922,0.4701
0.050476,0.51613
0.017922,0.50725
0.045924,0.47392
0.034199,0.53027
0.12158,0.55202
0.085027,0.54344
0.11503,0.52854
0.10642,0.57122
0.10193,0.48158
0.078478,0.51996
0.073927,0.47775
0.10848,0.50506
0.062201,0.49694
0.096753,0.52425
0.076101,0.60961
0.069869,0.56263
0.056708,0.60026
0.09126,0.59041
0.053592,0.57677
0.088143,0.56692
0.14332,0.57556
0.15027,0.61405
0.12816,0.59475
0.16178,0.58272
0.097847,0.63315
0.13511,0.63324
0.11301,0.61395
0.13164,0.614
0.19871,0.59705
0.16873,0.62121
0.18025,0.58989
0.16526,0.60197
0.16693,0.67288
0.15813,0.64649
0.019603,0.70963
0.05552,0.70884
0.038996,0.6904
0.034026,0.72507
0.099915,0.73163
0.08229,0.71617
0.087568,0.73974
0.077782,0.65193
0.074913,0.6896
0.058389,0.67117
0.056954,0.69
0.062873,0.75595
0.069943,0.72428
0.04845,0.74051
0.07522,0.74785
0.051985,0.72467
0.078755,0.73201
0.11185,0.72629
0.1181,0.70013
0.10304,0.71855
0.089718,0.64658
0.11072,0.67356
0.10835,0.64663
0.088283,0.66542
0.1588,0.68632
0.13375,0.6868
0.1544,0.67312
0.14561,0.64673
0.12935,0.67361
0.12698,0.64668
0.15001,0.65993
0.11885,0.66012
0.14188,0.67336
0.085414,0.70309
0.10929,0.69239
0.094226,0.71082
0.086848,0.68425
0.10616,0.70547
0.098784,0.67891
0.11493,0.89801
0.10465,0.88154
0.11886,0.89265
0.12673,0.88192
0.10858,0.87617
0.12279,0.88729
0.12497,0.87006
0.11372,0.88441
0.086076,0.84015
0.095031,0.86225
0.078932,0.85161
0.097866,0.84221
0.064644,0.87452
0.087887,0.8737
0.071788,0.86306
0.083409,0.86266
0.12145,0.84632
0.10682,0.86431
0.12321,0.85819
0.10966,0.84427
0.11589,0.86718
0.10234,0.85326
0.10952,0.75182
0.11109,0.77673
0.097168,0.75993
0.11866,0.75656
0.089168,0.81913
0.10431,0.79917
0.083603,0.8048
0.10096,0.82118
0.072473,0.77614
0.098744,0.78484
0.08482,0.76803
0.078038,0.79047
0.097956,0.77238
0.091173,0.79482
0.13694,0.76604
0.12023,0.78147
0.1278,0.7613
0.11945,0.76902
0.12454,0.82529
0.1161,0.80122
0.11275,0.82324
0.10853,0.8112
0.20737,0.72654
0.19119,0.72895
0.21023,0.71867
0.20458,0.73397
0.21595,0.70294
0.19405,0.72108
0.21309,0.7108
0.20206,0.70099
0.20214,0.71988
0.199,0.74885
0.1884,0.73638
0.20179,0.74141
0.19649,0.73518
0.17427,0.69709
0.18016,0.71913
0.18816,0.69904
0.19111,0.71006
0.15475,0.75128
0.17365,0.7372
0.01104,0.8562
0.02983,0.83734
0.01104,0.83928
0.023884,0.85852
0.01104,0.80546
0.02983,0.82042
0.01104,0.82237
0.025463,0.79891
0.020435,0.82985
0.071005,0.82881
0.049818,0.82821
0.06544,0.81448
0.063861,0.84026
0.054309,0.78582
0.044253,0.81388
0.039886,0.79237
0.059874,0.80015
0.034858,0.80639
0.054846,0.81418
0.049573,0.86317
0.042674,0.83966
0.036728,0.86084
0.056717,0.85171
0.033279,0.84909
0.053267,0.83996
0.0074284,0.91356
0.018996,0.90536
0.0074284,0.90055
0.0074284,0.87453
0.018996,0.89235
0.0074284,0.88754
0.020273,0.87686
0.013212,0.89645
0.041352,0.91512
0.030304,0.90588
0.042888,0.90392
0.045962,0.88151
0.03184,0.89467
0.033117,0.87918
0.044425,0.89271
0.026057,0.88576
0.037364,0.89929
0.16962,0.80538
0.15688,0.80102
0.16747,0.81075
0.16318,0.82147
0.15474,0.80638
0.16533,0.81611
0.15352,0.82355
0.1611,0.80857
0.1466,0.76846
0.14921,0.78871
0.13825,0.77617
0.1342,0.82771
0.14507,0.80846
0.14386,0.82563
0.12998,0.81567
0.1493,0.81601
0.12154,0.7916
0.14085,0.79643
0.12989,0.78389
0.12576,0.80364
0.13955,0.7863
0.13542,0.80605
0.19069,0.77631
0.18062,0.77301
0.19284,0.77059
0.18576,0.78371
0.17589,0.79851
0.17569,0.78041
0.18082,0.79111
0.16952,0.79633
0.18072,0.78206
0.19713,0.75915
0.18277,0.76729
0.19498,0.76487
0.19183,0.75292
0.1878,0.76894
0.15287,0.76159
0.16802,0.7681
0.16232,0.75454
0.15417,0.77171
0.18122,0.74046
0.17747,0.76106
0.18652,0.74669
0.17177,0.7475
0.18465,0.75699
0.16989,0.7578
0.15678,0.79197
0.16932,0.77823
0.16315,0.79415
0.15548,0.78184
0.16942,0.78728
0.16175,0.77497
0.0065319,0.9503
0.016306,0.93551
0.0065319,0.94029
0.013961,0.94689
0.0065319,0.92028
0.016306,0.92551
0.0065319,0.93029
0.012316,0.91618
0.011419,0.9329
0.040455,0.92184
0.027614,0.92603
0.036577,0.92791
0.034931,0.91722
0.02882,0.94006
0.023736,0.9321
0.021391,0.94347
0.032699,0.93398
0.018849,0.93949
0.030156,0.93001
0.023883,0.90797
0.02209,0.9214
0.018099,0.91207
0.029407,0.91259
0.017203,0.91879
0.02851,0.91931
0.05871,0.96618
0.054419,0.95447
0.06157,0.96225
0.067291,0.95439
0.05728,0.95054
0.064431,0.95832
0.066074,0.94871
0.059425,0.9564
0.048225,0.92697
0.050924,0.9414
0.044347,0.93304
0.053363,0.93043
0.036591,0.94518
0.047046,0.94747
0.040469,0.93911
0.045697,0.94026
0.06364,0.93736
0.056062,0.94487
0.064857,0.94303
0.058502,0.93389
0.061068,0.94679
0.054713,0.93765
0.054436,0.97046
0.041597,0.9673
0.049502,0.97375
0.052291,0.96461
0.039633,0.98033
0.036663,0.97059
0.044567,0.97704
0.035343,0.98069
0.043082,0.97217
0.010028,0.9597
0.026794,0.96372
0.015606,0.96694
0.017458,0.95629
0.026761,0.9814
0.032372,0.97095
0.031052,0.98104
0.021184,0.97417
0.033857,0.97582
0.023989,0.96894
0.032317,0.94946
0.034224,0.9603
0.024887,0.95287
0.037544,0.9506
0.025841,0.9583
0.048,0.9529
0.039452,0.96145
0.050145,0.95875
0.042772,0.95175
0.045871,0.96303
0.038498,0.95603
0.033789,-0.17468
0.098077,-0.23137
0.033789,-0.22413
0.072983,-0.16451
0.033789,-0.32304
0.098077,-0.28082
0.033789,-0.27358
0.066114,-0.34396
0.065933,-0.25248
0.21532,-0.31605
0.15859,-0.27849
0.18713,-0.33931
0.13076,-0.38582
0.1304,-0.30175
0.098439,-0.36489
0.15895,-0.36256
0.098258,-0.32286
0.15877,-0.32053
0.15137,-0.14418
0.13727,-0.2212
0.11218,-0.15435
0.10513,-0.19286
0.34889,-0.49958
0.28911,-0.4851
0.24757,-0.37058
0.25534,-0.4421
0.21938,-0.39384
0.17943,-0.57742
0.23262,-0.51104
0.17396,-0.53173
0.16301,-0.44036
0.22715,-0.46535
0.1912,-0.4171
0.16849,-0.48604
0.22327,-0.4296
0.20055,-0.49854
0.37318,-0.47615
0.36198,-0.4148
0.34329,-0.4689
0.42697,-0.32287
0.37991,-0.36371
0.4001,-0.31268
0.27186,-0.34715
0.3282,-0.3718
0.29669,-0.32887
0.27574,-0.38291
0.34636,-0.2923
0.35304,-0.35352
0.37323,-0.30249
0.32153,-0.31059
0.37657,-0.3331
0.32487,-0.34119
0.28351,-0.45442
0.33209,-0.40756
0.3134,-0.46166
0.27962,-0.41866
0.33769,-0.43823
0.30391,-0.39523
0.39022,-0.53581
0.41308,-0.59379
0.36585,-0.69268
0.40496,-0.64608
0.48543,-0.67348
0.44482,-0.63968
0.26455,-0.12695
0.25323,-0.17694
0.2366,-0.12788
0.24466,-0.30161
0.2466,-0.23516
0.26949,-0.28332
0.21629,-0.28283
0.18071,-0.12973
0.22529,-0.17787
0.20866,-0.12881
0.17366,-0.16825
0.23094,-0.15287
0.31916,-0.24676
0.27144,-0.21688
0.29433,-0.26504
0.27046,-0.2501
0.15956,-0.24527
0.21824,-0.21638
0.18793,-0.26405
0.16661,-0.20676
0.21726,-0.24961
0.19595,-0.19231
0.38187,-0.88855
0.39891,-0.84
0.39861,-0.88251
0.35761,-0.86612
0.47069,-0.85648
0.42851,-0.8293
0.45782,-0.86113
0.43207,-0.87042
0.41564,-0.83395
0.41534,-0.87647
0.44494,-0.86578
0.40712,-0.85823
0.43673,-0.84754
0.36158,-0.74091
0.39214,-0.79078
0.34408,-0.76769
0.30909,-0.82124
0.37465,-0.81756
0.33335,-0.84368
0.32658,-0.79447
0.36613,-0.84184
0.35936,-0.79263
0.16541,-0.75839
0.21652,-0.72355
0.16865,-0.71709
0.19952,-0.77021
0.32024,-0.71352
0.26813,-0.7086
0.30274,-0.74029
0.17514,-0.63449
0.21976,-0.68225
0.1719,-0.67579
0.19421,-0.69967
0.26775,-0.79385
0.25063,-0.73537
0.23364,-0.78203
0.28525,-0.76707
0.22508,-0.75279
0.27669,-0.73783
0.020018,0.027536
0.056764,-0.020327
0.020018,-0.021915
0.054424,0.020357
0.020018,-0.12082
0.056764,-0.069778
0.020018,-0.071367
0.059212,-0.11065
0.038391,-0.045847
0.12324,0.005999
0.091171,-0.027506
0.088831,0.013178
0.12802,-0.026105
0.072798,-0.0035744
0.1376,-0.090313
0.095958,-0.05961
0.098405,-0.10048
0.13281,-0.058209
0.077585,-0.08513
0.11199,-0.042858
0.40153,-0.48653
0.44703,-0.44596
0.39593,-0.45586
0.45532,-0.33326
0.46495,-0.39486
0.43179,-0.35367
0.52827,-0.47814
0.48927,-0.44316
0.38473,-0.39451
0.44142,-0.41528
0.39033,-0.42518
0.40826,-0.37409
0.41868,-0.43557
0.43661,-0.38448
0.23736,0.17783
0.23183,0.12235
0.20876,0.16402
0.16172,0.040715
0.20662,0.076642
0.15834,0.072606
0.18858,0.032165
0.30286,0.069062
0.25367,0.086091
0.28267,0.051063
0.15157,0.13639
0.20324,0.10853
0.18017,0.1502
0.15495,0.1045
0.206,0.13627
0.18079,0.090569
0.24229,0.015065
0.23348,0.068092
0.21544,0.023615
0.26248,0.033064
0.21103,0.050128
0.25807,0.059577
0.4728,-0.29713
0.5174,-0.28649
0.48474,-0.27619
0.50864,-0.23431
0.52934,-0.26555
0.49669,-0.25525
0.50704,-0.27087
0.56506,-0.48666
0.59963,-0.46871
0.54695,-0.51969
0.54529,-0.5678
0.51542,-0.66575
0.53478,-0.61649
0.49511,-0.64885
0.60052,-0.56574
0.56315,-0.58315
0.4545,-0.61505
0.51448,-0.59959
0.47481,-0.63195
0.50479,-0.62422
0.617,-0.74204
0.59772,-0.70309
0.62769,-0.72477
0.64907,-0.69023
0.60841,-0.68582
0.63838,-0.7075
0.61805,-0.7053
0.52632,-0.68869
0.56749,-0.68531
0.536,-0.66406
0.55537,-0.6148
0.57717,-0.66068
0.54568,-0.63943
0.55659,-0.66237
0.29189,-0.086913
0.33524,-0.056836
0.28601,-0.064287
0.33482,0.034961
0.34955,-0.016212
0.31463,0.016962
0.40567,-0.095973
0.37317,-0.059856
0.40932,-0.0065751
0.37439,-0.030057
0.27426,-0.019036
0.32937,-0.034211
0.28013,-0.041662
0.29444,-0.001037
0.30769,-0.049249
0.322,-0.0086244
0.35003,0.064613
0.39518,0.072743
0.42453,0.023077
0.42002,0.058898
0.36387,0.31802
0.33831,0.28628
0.37177,0.30639
0.38757,0.28315
0.34622,0.27466
0.37967,0.29477
0.35899,0.29053
0.26147,0.22178
0.30418,0.25421
0.26125,0.24875
0.28226,0.21876
0.26079,0.30269
0.30396,0.28117
0.26102,0.27572
0.2826,0.26496
0.32384,0.21271
0.32497,0.25118
0.30305,0.21574
0.30362,0.23497
0.44325,-0.2768
0.42874,-0.22549
0.41638,-0.26661
0.45519,-0.25586
0.42181,-0.13548
0.4216,-0.17838
0.36264,-0.24623
0.40188,-0.2153
0.38951,-0.25642
0.40913,-0.24095
0.47909,-0.21397
0.44069,-0.20454
0.46714,-0.23492
0.44794,-0.2302
0.58418,-0.16895
0.55189,-0.16147
0.5776,-0.14922
0.56444,-0.10974
0.54531,-0.14173
0.57102,-0.12948
0.54548,-0.1085
0.56145,-0.14547
0.50765,-0.20345
0.52637,-0.17297
0.50754,-0.10601
0.52634,-0.14049
0.52651,-0.10725
0.53591,-0.12449
0.68026,-0.34013
0.64934,-0.33948
0.67597,-0.33012
0.66739,-0.3101
0.64505,-0.32947
0.67168,-0.32011
0.66051,-0.3298
0.59699,-0.35825
0.62158,-0.34552
0.42228,0.24213
0.4017,0.22309
0.42879,0.22958
0.4162,0.25106
0.4418,0.20448
0.40821,0.21054
0.43529,0.21703
0.4185,0.22006
0.40404,0.26894
0.39562,0.23203
0.41012,0.26
0.38336,0.2647
0.40591,0.24154
0.34031,0.1985
0.37438,0.20854
0.34087,0.21773
0.34201,0.2562
0.37495,0.22778
0.36269,0.26045
0.34144,0.23697
0.37915,0.24624
0.35791,0.22276
0.35796,0.33683
0.32058,0.34271
0.34316,0.35656
0.34518,0.32096
0.31355,0.39604
0.30578,0.36245
0.32835,0.3763
0.29731,0.39222
0.32447,0.35951
0.25488,0.3215
0.28623,0.3376
0.2582,0.34253
0.27646,0.31074
0.26483,0.38459
0.28954,0.35863
0.28107,0.38841
0.26151,0.36356
0.29343,0.37543
0.27387,0.35058
0.31963,0.28923
0.30781,0.32685
0.3324,0.30509
0.29805,0.29998
0.32649,0.3239
0.29214,0.31879
0.30531,0.42122
0.28105,0.43802
0.29873,0.44096
0.28907,0.41741
0.28557,0.48044
0.27447,0.45775
0.29215,0.4607
0.2668,0.47826
0.2866,0.44936
0.22925,0.4739
0.2557,0.45557
0.24803,0.47608
0.23837,0.45253
0.26125,0.46691
0.25659,0.40978
0.26481,0.4342
0.27283,0.4136
0.24748,0.43115
0.27694,0.42581
0.25159,0.44336
0.53781,-0.030516
0.50489,-0.022468
0.53317,-0.017036
0.52378,-0.044073
0.52387,0.0099234
0.50024,-0.0089883
0.52852,-0.0035563
0.5167,-0.013012
0.4422,-0.00073662
0.47302,-0.012542
0.49572,-0.071187
0.49086,-0.036025
0.50975,-0.05763
0.50732,-0.040049
0.68825,-0.61075
0.67331,-0.59212
0.69197,-0.59867
0.69941,-0.5745
0.67702,-0.58004
0.69569,-0.58658
0.6845,-0.58935
0.63086,-0.56348
0.65418,-0.57637
0.23161,0.65233
0.21126,0.65106
0.22789,0.66255
0.22459,0.63533
0.22045,0.683
0.20755,0.66128
0.22417,0.67278
0.20656,0.68106
0.21772,0.66192
0.21055,0.60134
0.20424,0.63406
0.21757,0.61833
0.19556,0.61342
0.21441,0.63469
0.17877,0.67716
0.19365,0.65933
0.19266,0.67911
0.17437,0.66396
0.2001,0.67019
0.16558,0.63758
0.18925,0.64614
0.18057,0.6255
0.16997,0.65077
0.1924,0.62978
0.18181,0.65505
0.10977,0.90652
0.089185,0.90705
0.10155,0.91392
0.10463,0.89828
0.085101,0.92872
0.080961,0.91445
0.093325,0.92132
0.080165,0.92816
0.091255,0.91418
0.05488,0.91664
0.070888,0.91042
0.056416,0.90543
0.060018,0.9201
0.05949,0.88302
0.072424,0.89921
0.057953,0.89423
0.071111,0.88261
0.06442,0.90232
0.070294,0.92703
0.076026,0.91388
0.07523,0.92759
0.065156,0.92357
0.078096,0.92102
0.068022,0.91699
0.094354,0.8818
0.084046,0.89881
0.099494,0.89004
0.082733,0.88221
0.094339,0.89854
0.077579,0.89071
0.11786,0.73462
0.13613,0.72513
0.127,0.73936
0.12098,0.72154
0.16481,0.69465
0.15178,0.7118
0.15228,0.69489
0.16775,0.70567
0.14529,0.74884
0.14527,0.72987
0.13615,0.7441
0.15474,0.7418
0.13614,0.73461
0.12723,0.69538
0.13925,0.71205
0.12411,0.70846
0.13976,0.69514
0.13012,0.71679
0.14577,0.70347
0.17364,0.72771
0.15472,0.72282
0.1707,0.71669
0.16419,0.73475
0.16124,0.71425
0.15473,0.73231
0.35893,-0.53168
0.31922,-0.58141
0.32904,-0.52444
0.37036,-0.56068
0.33457,-0.68855
0.3111,-0.6337
0.35412,-0.66525
0.30851,-0.68609
0.18947,-0.60953
0.26273,-0.60736
0.21606,-0.57634
0.21178,-0.63341
0.26926,-0.50996
0.28933,-0.57417
0.29915,-0.5172
0.24266,-0.54315
0.30918,-0.54931
0.2527,-0.57525
0.39323,-0.61866
0.33065,-0.6104
0.3818,-0.58967
0.37367,-0.64196
0.35051,-0.58554
0.34239,-0.63783
0.25639,-0.68117
0.28504,-0.63124
0.28245,-0.68363
0.23409,-0.65729
0.29678,-0.65867
0.24841,-0.63232
0.40202,-0.51212
0.4485,-0.52272
0.41346,-0.54111
0.42477,-0.49183
0.52876,-0.50373
0.49074,-0.51992
0.50926,-0.48624
0.52794,-0.52778
0.43632,-0.59909
0.45993,-0.55171
0.42489,-0.5701
0.46631,-0.59136
0.43669,-0.54641
0.47026,-0.45125
0.47124,-0.50243
0.44752,-0.47154
0.48976,-0.46875
0.44801,-0.49713
0.49025,-0.49433
0.52628,-0.5759
0.48992,-0.54398
0.52711,-0.55184
0.49629,-0.58363
0.50893,-0.53588
0.47811,-0.56767
0.49212,-0.84678
0.4928,-0.80021
0.51103,-0.83362
0.47103,-0.83319
0.54886,-0.80731
0.51172,-0.78705
0.52995,-0.82046
0.51138,-0.81034
0.50259,-0.71201
0.49629,-0.75529
0.42885,-0.80602
0.47171,-0.78662
0.44994,-0.81961
0.47137,-0.80991
0.28843,-0.11462
0.32488,-0.13994
0.28277,-0.13961
0.31011,-0.099577
0.40221,-0.12368
0.36281,-0.14296
0.38596,-0.10562
0.40211,-0.14513
0.34304,-0.23443
0.34309,-0.17988
0.31918,-0.21949
0.36266,-0.21896
0.27146,-0.18961
0.31922,-0.16494
0.27712,-0.16461
0.29532,-0.20455
0.301,-0.15228
0.3192,-0.19221
0.35347,-0.069501
0.34656,-0.12491
0.33179,-0.084539
0.36972,-0.087559
0.32834,-0.11224
0.36626,-0.11526
0.4019,-0.18802
0.3627,-0.16441
0.402,-0.16658
0.38228,-0.20349
0.3824,-0.15477
0.36268,-0.19169
0.33659,0.080205
0.35488,0.11952
0.35917,0.084271
0.33346,0.1799
0.35383,0.15275
0.35049,0.18493
0.40432,0.092401
0.37745,0.12359
0.38175,0.088336
0.36831,0.10393
0.38457,0.19497
0.37087,0.15778
0.36753,0.18995
0.36068,0.17135
0.62588,-0.54498
0.63923,-0.52088
0.62416,-0.472
0.63865,-0.49655
0.25423,0.18887
0.28245,0.15546
0.27502,0.18585
0.25147,0.16113
0.31973,0.080099
0.30429,0.1192
0.29513,0.088614
0.32887,0.099757
0.3166,0.1798
0.30324,0.15244
0.29581,0.18282
0.32678,0.16622
0.28913,0.16914
0.24594,0.10564
0.27969,0.12772
0.24871,0.13338
0.27054,0.097128
0.26558,0.14442
0.28741,0.10817
0.34715,0.13907
0.31343,0.13886
0.33801,0.11942
0.33697,0.15265
0.32115,0.11931
0.3201,0.15254
0.65955,-0.67462
0.63983,-0.639
0.66613,-0.65653
0.63922,-0.67242
0.67929,-0.62035
0.64641,-0.62091
0.67271,-0.63844
0.67181,-0.61103
0.65627,-0.63872
0.6219,-0.57308
0.62728,-0.60515
0.60321,-0.58178
0.63356,-0.57952
0.56584,-0.59919
0.6086,-0.61386
0.58453,-0.59049
0.57674,-0.62213
0.60591,-0.59782
0.59855,-0.66801
0.6195,-0.6368
0.61888,-0.67022
0.58765,-0.64507
0.62936,-0.65461
0.59812,-0.62947
0.65687,-0.59241
0.63894,-0.6116
0.66434,-0.60172
0.64521,-0.58596
0.65538,-0.61131
0.63625,-0.59556
0.47042,-0.31471
0.51027,-0.33923
0.47524,-0.34552
0.49272,-0.30939
0.57107,-0.36133
0.54381,-0.35477
0.48488,-0.40712
0.51508,-0.37004
0.48006,-0.37632
0.49516,-0.35778
0.53732,-0.29875
0.53256,-0.33391
0.51502,-0.30407
0.51264,-0.32165
0.55109,-0.47553
0.55771,-0.43534
0.53159,-0.45804
0.56837,-0.46656
0.57877,-0.37727
0.56694,-0.40258
0.56515,-0.37399
0.49259,-0.42306
0.53821,-0.41785
0.51209,-0.44055
0.50769,-0.40452
0.5349,-0.43795
0.60294,-0.44861
0.57499,-0.42636
0.58565,-0.45758
0.57168,-0.44646
0.5379,-0.36743
0.55331,-0.3993
0.55152,-0.37071
0.52279,-0.38597
0.55923,-0.38665
0.5305,-0.40191
0.59264,-0.18448
0.57727,-0.20805
0.60055,-0.19517
0.5765,-0.18074
0.61635,-0.21655
0.58518,-0.21874
0.60845,-0.20586
0.59286,-0.20696
0.51611,-0.21897
0.55176,-0.21955
0.52646,-0.23459
0.52547,-0.20373
0.54717,-0.26583
0.56212,-0.23516
0.53682,-0.25021
0.54429,-0.23488
0.5442,-0.17325
0.56113,-0.20431
0.56035,-0.177
0.53484,-0.18849
0.56881,-0.19252
0.5433,-0.20402
0.43515,-0.12429
0.46164,-0.1448
0.45421,-0.11797
0.43505,-0.14574
0.49243,-0.20278
0.48073,-0.17096
0.47323,-0.19806
0.5018,-0.18754
0.49233,-0.10534
0.4807,-0.13848
0.47327,-0.11165
0.50173,-0.12258
0.46745,-0.12823
0.43484,-0.18864
0.46153,-0.16625
0.43494,-0.16719
0.45404,-0.19335
0.44829,-0.15599
0.46738,-0.18216
0.52052,-0.15706
0.49009,-0.15572
0.51116,-0.1723
0.51112,-0.13982
0.49595,-0.17163
0.49591,-0.13915
0.51043,0.054958
0.48854,0.043164
0.51401,0.044589
0.52116,0.023851
0.49211,0.032795
0.51759,0.03422
0.50935,0.014395
0.50306,0.038692
0.43949,0.013191
0.46489,0.029242
0.43723,0.031102
0.4549,0.0072887
0.43272,0.066923
0.46263,0.047153
0.43498,0.049013
0.44993,0.039127
0.48572,-0.0045163
0.4803,0.023339
0.49753,0.0049396
0.47031,0.0013862
0.49482,0.018867
0.4676,0.015314
0.42602,-0.098272
0.43423,-0.066753
0.44508,-0.091956
0.40977,-0.080213
0.42968,-0.0088738
0.43545,-0.036953
0.41221,-0.020615
0.44509,-0.014776
0.48319,-0.079324
0.45329,-0.060437
0.46413,-0.08564
0.48076,-0.061743
0.44918,-0.076196
0.37727,-0.044097
0.41798,-0.048694
0.39352,-0.062155
0.39474,-0.032356
0.41388,-0.064454
0.4151,-0.034655
0.4759,-0.026581
0.45086,-0.042856
0.4605,-0.020679
0.47833,-0.044162
0.44797,-0.028816
0.46581,-0.052299
0.34112,0.051811
0.36847,0.034337
0.34849,0.026224
0.3637,0.055876
0.41563,0.010275
0.3933,0.020492
0.39816,-0.0014664
0.41337,0.028185
0.36323,-0.024948
0.37583,0.0087511
0.35586,0.00063796
0.38069,-0.013207
0.36216,0.017488
0.387,0.0036424
0.40885,0.064007
0.39104,0.038403
0.38628,0.059941
0.41111,0.046096
0.37737,0.047139
0.40221,0.033294
0.64534,-0.25504
0.62353,-0.26841
0.65092,-0.26805
0.63926,-0.24681
0.66208,-0.29408
0.6291,-0.28142
0.6565,-0.28107
0.65091,-0.30377
0.64001,-0.27474
0.62711,-0.23037
0.61745,-0.26018
0.63318,-0.23859
0.61152,-0.23146
0.62835,-0.2535
0.55793,-0.27965
0.59439,-0.27661
0.5654,-0.26431
0.62857,-0.32314
0.61793,-0.2911
0.63974,-0.31345
0.63442,-0.29744
0.58035,-0.23365
0.60186,-0.26127
0.59593,-0.23255
0.57287,-0.24898
0.60669,-0.24637
0.58363,-0.26279
0.70127,-0.39249
0.67946,-0.41103
0.70293,-0.4058
0.70626,-0.4324
0.68112,-0.42433
0.70459,-0.4191
0.69203,-0.41506
0.62982,-0.44987
0.65565,-0.43015
0.49133,0.10641
0.47071,0.11198
0.48558,0.12121
0.47406,0.15081
0.46496,0.12678
0.47982,0.13601
0.47527,0.124
0.42842,0.086299
0.44974,0.10528
0.36832,-0.71796
0.41235,-0.72193
0.38787,-0.69466
0.3836,-0.7429
0.48789,-0.69876
0.45221,-0.71553
0.46759,-0.68186
0.48475,-0.7204
0.42698,-0.64807
0.43191,-0.69863
0.40742,-0.67137
0.44728,-0.66496
0.40989,-0.69665
0.44975,-0.69025
0.41416,-0.79277
0.42763,-0.74686
0.39888,-0.76783
0.43559,-0.78307
0.40562,-0.74488
0.47845,-0.76367
0.44906,-0.73716
0.4816,-0.74203
0.45702,-0.77337
0.4669,-0.72878
0.44233,-0.76012
0.5645,-0.79951
0.55863,-0.76365
0.5793,-0.78553
0.54593,-0.78938
0.60891,-0.75757
0.57343,-0.74967
0.5941,-0.77155
0.59926,-0.73809
0.57637,-0.7676
0.51822,-0.70421
0.5432,-0.73189
0.53881,-0.70252
0.51508,-0.72585
0.57998,-0.69915
0.56379,-0.7302
0.58962,-0.71862
0.55939,-0.70083
0.58153,-0.73414
0.5513,-0.71636
0.50878,-0.76912
0.54006,-0.75352
0.52735,-0.77925
0.51193,-0.74749
0.54299,-0.77145
0.52757,-0.73969
0.56098,-0.49971
0.5874,-0.50787
0.57827,-0.49074
0.61456,-0.54577
0.60525,-0.52322
0.62123,-0.53371
0.61284,-0.47279
0.60468,-0.4989
0.59555,-0.48176
0.62008,-0.48506
0.59147,-0.49482
0.63457,-0.5096
0.61193,-0.51117
0.6279,-0.52166
0.62733,-0.49733
0.61658,-0.52244
0.616,-0.49811
0.59388,-0.37241
0.61225,-0.388
0.60618,-0.36604
0.58796,-0.38506
0.61804,-0.44375
0.62031,-0.41178
0.60407,-0.43263
0.63096,-0.43389
0.63077,-0.35331
0.62455,-0.38164
0.61847,-0.35968
0.61536,-0.37384
0.57612,-0.41038
0.60633,-0.40066
0.58204,-0.39772
0.5901,-0.4215
0.59715,-0.39286
0.6052,-0.41664
0.65678,-0.41417
0.63322,-0.40192
0.64387,-0.42403
0.63209,-0.41791
0.46607,0.15999
0.44096,0.15431
0.46106,0.16964
0.46151,0.14798
0.45105,0.18895
0.43596,0.16397
0.45606,0.1793
0.43425,0.19198
0.44851,0.16681
0.42042,0.095475
0.42575,0.13281
0.40699,0.11107
0.43108,0.10497
0.40066,0.19804
0.41916,0.167
0.41746,0.19501
0.39381,0.17945
0.42671,0.17949
0.38012,0.14225
0.41231,0.1484
0.39355,0.12666
0.38697,0.16085
0.40965,0.12973
0.40306,0.16392
0.4524,0.12395
0.43641,0.1423
0.45696,0.13596
0.44174,0.11446
0.44896,0.14514
0.43375,0.12363
0.71329,-0.48401
0.68922,-0.47505
0.71167,-0.47099
0.70841,-0.44497
0.6876,-0.46203
0.71004,-0.45798
0.69585,-0.44093
0.69963,-0.46651
0.63198,-0.46244
0.66212,-0.46786
0.63923,-0.47471
0.64489,-0.45258
0.65372,-0.49926
0.66937,-0.48013
0.64648,-0.48699
0.6543,-0.47742
0.67071,-0.43286
0.67503,-0.458
0.68328,-0.4369
0.6578,-0.44272
0.68544,-0.44947
0.65996,-0.45529
0.58346,-0.35398
0.581,-0.33271
0.59576,-0.34761
0.56984,-0.3507
0.54971,-0.29139
0.56975,-0.31185
0.54734,-0.30898
0.56794,-0.28987
0.62035,-0.33488
0.5933,-0.32635
0.60806,-0.34125
0.61504,-0.31887
0.59453,-0.33698
0.54258,-0.34414
0.56737,-0.32943
0.55621,-0.34742
0.54496,-0.32656
0.56861,-0.34006
0.55736,-0.3192
0.60441,-0.28684
0.58798,-0.31033
0.58617,-0.28836
0.60972,-0.30285
0.57796,-0.3001
0.60151,-0.3146
0.50997,0.065331
0.48714,0.074283
0.50503,0.076022
0.49902,0.059434
0.49517,0.097404
0.48221,0.084974
0.5001,0.086713
0.48485,0.10019
0.49362,0.080498
0.43225,0.077296
0.46124,0.078272
0.44721,0.067411
0.44291,0.086787
0.47713,0.04764
0.47619,0.068386
0.48807,0.053537
0.46217,0.057526
0.48761,0.06391
0.4617,0.067899
0.46423,0.10577
0.4719,0.087762
0.47454,0.10298
0.45357,0.096277
0.47838,0.093977
0.4574,0.087274
0.70067,-0.38137
0.67766,-0.37767
0.69656,-0.37068
0.68977,-0.39064
0.68833,-0.3493
0.67355,-0.36697
0.69245,-0.35999
0.67287,-0.34897
0.68505,-0.36883
0.64195,-0.34832
0.65809,-0.36665
0.65741,-0.34864
0.63884,-0.36248
0.66548,-0.35781
0.66796,-0.40917
0.66676,-0.38693
0.67886,-0.39991
0.65618,-0.40305
0.67826,-0.38879
0.63262,-0.3908
0.65498,-0.38081
0.63573,-0.37664
0.6444,-0.39693
0.64691,-0.37164
0.65558,-0.39193
0.71032,-0.53692
0.68688,-0.54169
0.70746,-0.54622
0.70174,-0.56481
0.68402,-0.55099
0.7046,-0.55552
0.69055,-0.56758
0.69574,-0.54861
0.6332,-0.5538
0.66117,-0.54732
0.64485,-0.56024
0.63987,-0.54174
0.66816,-0.57313
0.67283,-0.55376
0.67936,-0.57036
0.65651,-0.56668
0.68169,-0.56067
0.65884,-0.557
0.65321,-0.51764
0.66785,-0.53526
0.64654,-0.52969
0.65386,-0.5385
0.5551,-0.50646
0.56974,-0.52811
0.55427,-0.53051
0.5683,-0.51054
0.60867,-0.55251
0.5876,-0.54346
0.58999,-0.56122
0.60402,-0.54124
0.55262,-0.57863
0.56892,-0.55216
0.55344,-0.55457
0.5713,-0.56992
0.56159,-0.54134
0.57945,-0.55669
0.59472,-0.5187
0.58295,-0.53219
0.58151,-0.51462
0.59937,-0.52997
0.57563,-0.52136
0.59349,-0.53671
0.71377,-0.52824
0.69722,-0.51565
0.71459,-0.51673
0.70205,-0.53063
0.71623,-0.4937
0.69804,-0.50414
0.71541,-0.50522
0.7042,-0.48922
0.70632,-0.51043
0.65666,-0.50896
0.67819,-0.50922
0.66448,-0.49939
0.66398,-0.51777
0.68013,-0.48026
0.68601,-0.49966
0.69216,-0.48474
0.67231,-0.48983
0.6951,-0.49444
0.67525,-0.49952
0.67861,-0.5354
0.6855,-0.51804
0.69033,-0.53301
0.67129,-0.52658
0.69377,-0.52433
0.67474,-0.5179
