2 183
0.0016447,0.98849
0.0016447,-0.99178
0.12336,-0.97862
0.26151,-0.94243
0.37336,-0.91283
0.49178,-0.87007
0.56743,-0.81743
0.62664,-0.76151
0.66941,-0.69243
0.69572,-0.62007
0.72204,-0.53454
0.72533,-0.48849
0.71217,-0.38322
0.69572,-0.34046
0.65625,-0.24836
0.60033,-0.1727
0.55428,-0.034539
0.52138,0.060855
0.50164,0.10362
0.47862,0.16283
0.43257,0.25164
0.37664,0.33388
0.31743,0.41283
0.29112,0.49178
0.26809,0.5773
0.24178,0.65296
0.21546,0.72533
0.19572,0.77796
0.17599,0.80757
0.15625,0.85691
0.12007,0.90625
0.087171,0.93586
0.060855,0.97204
0.041118,0.9852
0.57401,-0.09375
0.0016447,0.95769
0.0016447,0.91767
0.0016447,0.86563
0.0016447,0.79798
0.0016447,0.71003
0.0016447,0.59571
0.0016447,0.44708
0.0016447,0.24927
0.0016447,0.051468
0.0016447,-0.14634
0.0016447,-0.34414
0.0016447,-0.54195
0.0016447,-0.73975
0.0016447,-0.8822
0.20144,-0.95817
0.44029,-0.88866
0.7106,-0.57172
0.71882,-0.43644
0.67856,-0.30041
0.63194,-0.21546
0.53568,0.019379
0.4586,0.20144
0.40825,0.2874
0.2781,0.54012
0.2269,0.69386
0.2043,0.75508
0.16741,0.82902
0.1358,0.8848
0.072297,0.95631
0.023956,0.98663
0.37879,-0.50682
0.27021,-0.10195
0.24012,0.20557
0.17467,0.38323
0.13986,-0.77581
0.13985,0.55631
0.10873,0.73937
0.081598,0.82911
0.046876,0.91975
0.3463,-0.71598
0.4505,-0.30245
0.24369,-0.33483
0.54777,-0.49563
0.13927,0.022751
0.32745,0.060547
0.42191,-0.11403
0.23921,0.31344
0.14416,0.27774
0.21603,0.48306
0.11365,0.4624
0.16719,-0.89338
0.079217,0.6331
0.2137,0.58497
0.17132,0.68607
0.059338,0.77179
0.1453,0.75833
0.053022,0.87492
0.12876,0.83733
0.031363,0.94403
0.067428,0.93361
0.15283,-0.61061
0.13094,-0.42786
0.50573,-0.69038
0.15842,-0.10566
0.34302,-0.2617
0.27631,-0.82309
0.12574,0.15032
0.58469,-0.36461
0.32327,0.19348
0.086684,0.36409
0.42679,0.0051659
0.49828,-0.21869
0.61921,-0.55704
0.2467,-0.011449
0.25248,0.39757
0.49815,-0.088767
0.066753,0.53914
0.15374,0.63329
0.073478,0.70844
0.12122,0.68705
0.099509,0.8733
0.11188,0.78919
0.1831,0.73015
0.039225,0.8279
0.02478,0.90125
0.15051,0.79884
0.17559,0.77136
0.021193,0.92812
0.052274,0.94862
0.035178,0.96573
0.13022,-0.25971
0.25922,-0.47785
0.35638,-0.38412
0.42452,-0.62279
0.24757,-0.20194
0.40742,-0.81572
0.24207,-0.70613
0.075138,-0.044258
0.46977,-0.42567
0.22907,0.094605
0.53969,-0.28117
0.61691,-0.45973
0.54446,-0.59186
0.58807,-0.68362
0.35692,-0.041798
0.41776,0.076809
0.32554,0.27042
0.42149,-0.19983
0.53574,-0.15773
0.63388,-0.33915
0.39141,0.21357
0.3019,0.34566
0.26892,0.44641
0.48843,-0.018444
0.66583,-0.58281
0.20109,0.65042
0.078892,0.90731
0.14526,0.72038
0.29937,-0.60627
0.47173,-0.52801
0.49315,-0.77692
0.34311,-0.15261
0.36402,0.13918
0.6459,-0.50882
0.29656,0.13876
0.62998,-0.62119
0.53019,-0.35149
0.56102,-0.41524
0.56959,-0.21983
0.47488,-0.15505
0.47759,0.037267
0.43833,-0.050993
0.38214,0.025601
0.61262,-0.27509
0.66856,-0.4203
0.4604,0.11477
0.43437,-0.72391
0.55569,-0.74572
0.6006,-0.51195
0.62144,-0.3958
0.42841,0.15147
0.67719,-0.47057
0.57977,-0.32208
0.47573,0.078759
0.66616,-0.37581
0.67516,-0.54408
0.57707,-0.53893
0.68895,-0.50936
